	US10063773_254606410403_S01_miRNA_107_Sep09_1_1 - 2	US10063773_254606410403_S01_miRNA_107_Sep09_1_4 - 2	US10063773_254606410403_S01_miRNA_107_Sep09_2_4 - 2	US10063773_254606410404_S01_miRNA_107_Sep09_1_3 - 2	US10063773_254606410404_S01_miRNA_107_Sep09_2_2 - 2	US10063773_254606411109_S01_miRNA_107_Sep09_2_4 - 2	US10063773_254606410405_S01_miRNA_107_Sep09_1_3 - 2	US10063773_254606410405_S01_miRNA_107_Sep09_2_2 - 2	US10063773_254606410413_S01_miRNA_107_Sep09_1_1 - 2	US10063773_254606410403_S01_miRNA_107_Sep09_1_2 - 2	US10063773_254606410403_S01_miRNA_107_Sep09_1_3 - 2	US10063773_254606410403_S01_miRNA_107_Sep09_2_2 - 2	US10063773_254606410404_S01_miRNA_107_Sep09_1_1 - 2	US10063773_254606410404_S01_miRNA_107_Sep09_1_4 - 2	US10063773_254606410404_S01_miRNA_107_Sep09_2_3 - 2	US10063773_254606410405_S01_miRNA_107_Sep09_1_1 - 2	US10063773_254606410405_S01_miRNA_107_Sep09_1_4 - 2	US10063773_254606410405_S01_miRNA_107_Sep09_2_3 - 2	US10063773_254606410413_S01_miRNA_107_Sep09_1_3 - 2	US10063773_254606410403_S01_miRNA_107_Sep09_2_1 - 1	US10063773_254606410403_S01_miRNA_107_Sep09_2_3 - 1	US10063773_254606410404_S01_miRNA_107_Sep09_1_2 - 1	US10063773_254606410404_S01_miRNA_107_Sep09_2_1 - 1	US10063773_254606410405_S01_miRNA_107_Sep09_1_2 - 1	US10063773_254606410405_S01_miRNA_107_Sep09_2_1 - 1	US10063773_254606410405_S01_miRNA_107_Sep09_2_4 - 1	US10063773_254606410413_S01_miRNA_107_Sep09_1_2 - 1	US10063773_254606410413_S01_miRNA_107_Sep09_1_4 - 1
hsa-miR-215	7.623	7.851	8.163	7.987	8.357	8.198	8.597	9.091	7.385	8.243	8.357	8.057	8.528	8.816	8.597	8.357	9.056	8.897	8.243	8.478	8.973	8.766	8.163	8.816	8.816	8.716	8.357	8.276
hsa-miR-3651	4.501	4.501	5.217	4.323	4.613	5.269	5.051	5.594	4.748	4.264	4.881	5.557	4.892	4.995	4.881	4.099	5.176	5.176	5.014	5.251	4.719	4.385	3.777	4.553	4.685	4.613	5.335	4.763
hsa-miR-4535	3.459	2.734	NA	2.942	2.141	NA	NA	NA	NA	1.818	NA	NA	NA	0.982	NA	1.05	NA	NA	NA	NA	3.048	2.505	NA	NA	NA	NA	NA	NA
hsa-miR-513a-5p	5.306	4.6	4.763	5.269	4.79	4.624	4.553	5.681	4.543	6.294	4.774	4.734	5.014	4.719	5.468	5.352	4.922	5.136	4.701	5.051	4.822	5.014	5.176	4.892	5.335	4.822	5.041	4.922
hsa-miR-4667-5p	3.449	2.779	2.321	3.404	2.359	2.256	NA	1.527	1.615	2.723	1.337	NA	NA	0.726	NA	2.031	NA	NA	NA	NA	3.096	2.599	NA	2.222	NA	1.615	NA	NA
hsa-miR-188-5p	5.557	5.176	4.464	4.719	4.806	4.464	4.906	4.922	6.865	5.983	5.051	4.96	4.571	4.187	4.892	5.826	4.624	4.543	4.79	4.685	4.806	4.822	5.514	4.833	5.269	5.153	4.822	5.217
hsa-miR-1183	2.484	2.044	NA	3.438	1.818	NA	NA	NA	2.823	NA	NA	NA	NA	NA	NA	3.025	NA	NA	NA	NA	1.21	0.543	NA	NA	NA	NA	NA	2.141
hsa-miR-664a-5p	4.008	1.671	NA	-0.071	0.708	NA	NA	NA	NA	1.258	1.877	2.245	NA	0.737	NA	NA	NA	2.321	NA	2.697	2.443	0.982	NA	1.671	NA	0.601	2.613	NA
hsa-miR-503-5p	1.737	1.864	1.788	NA	1.527	3.015	NA	2.697	0.649	NA	1.258	1.512	2.222	0.297	NA	NA	2.302	NA	2.599	NA	2.126	0.163	NA	NA	NA	1.914	1.914	NA
hsa-miR-3605-5p	0.425	NA	NA	2.87	-0.007	NA	NA	NA	NA	NA	NA	NA	1.709	0.552	NA	2.638	NA	NA	NA	NA	NA	0.726	NA	NA	NA	NA	NA	NA
hsa-miR-4280	2.538	-0.239	2.464	1.818	0.649	NA	NA	1.113	0.708	1.938	1.09	1.397	1.914	1.864	3.267	0.997	1.29	1.29	1.467	NA	2.413	1.737	2.484	0.982	NA	0.383	2.302	1.645
hsa-miR-4792	3.812	3.459	2.427	1.976	2.779	NA	1.603	NA	2.804	3.131	3.673	2.464	1.588	0.863	NA	3.107	1.527	2.182	NA	NA	NA	2.393	NA	NA	NA	NA	NA	2.336
hsa-miR-4313	2.013	2.126	3.107	0.495	NA	3.825	2.583	2.932	0.982	2.894	2.638	NA	NA	2.359	3.143	2.505	2.905	2.792	1.737	NA	2.375	1.818	3.471	2.844	2.976	2.761	3.06	2.858
hsa-miR-6069	2.57	2.245	3.073	0.965	-0.419	4.167	2.519	2.654	0.945	2.222	2.712	1.645	NA	1.725	NA	2.141	2.57	1.615	2.761	NA	2.624	NA	2.654	2.712	2.905	2.57	3.037	1.818
hsa-miR-4651	4.356	4.008	3.61	4.073	3.471	2.613	3.06	3.517	4.045	4.734	3.863	3.825	3.06	2.844	2.844	3.762	3.073	2.932	3.309	3.187	3.367	3.187	3.497	2.792	3.155	2.834	3.241	3.825
hsa-miR-214-5p	NA	NA	NA	NA	2.942	NA	2.359	2.044	1.818	NA	1.512	NA	2.013	1.467	NA	1.725	2.484	2.013	NA	NA	0.982	1.588	NA	1.938	2.256	2.964	NA	NA
hsa-miR-3137	4.033	3.928	3.963	3.834	3.358	3.567	3.404	3.917	3.622	3.928	3.641	3.847	4.099	3.755	4.226	3.755	3.459	3.331	3.567	4.167	4.253	4.008	3.663	3.721	3.673	3.622	4.41	3.8
hsa-miR-5194	3.567	4.397	4.385	3.825	5.041	3.928	4.119	4.187	3.788	4.79	4.264	4.213	4.624	4.849	4.806	3.812	4.515	4.701	5.492	4.306	4.515	4.806	4.719	4.084	4.119	4.13	4.6	4.41
hsa-miR-378b	2.638	3.331	3.254	3.241	4.099	NA	2.999	2.882	2.321	3.254	2.976	2.87	3.622	4.059	3.742	1.694	3.166	3.554	3.387	NA	3.205	4.119	NA	2.654	NA	2.914	3.554	3.29
hsa-miR-4746-3p	4.119	3.762	3.48	4.199	3.697	3.542	3.254	4.059	3.459	3.89	3.98	3.952	3.29	2.894	3.632	4.13	3.331	3.267	3.98	3.48	3.025	3.345	3.28	2.999	3.387	3.187	3.599	3.394
hsa-miR-4538	3.096	1.877	2.098	2.336	1.615	NA	NA	2.505	NA	2.302	NA	NA	1.467	2.345	2.519	NA	1.645	NA	2.804	NA	2.321	2.222	NA	NA	NA	1.994	2.271	NA
hsa-miR-4515	5.062	4.822	4.624	5.32	4.306	4.226	4.748	4.806	4.084	4.624	5.122	4.774	4.464	4.501	4.6	4.942	4.543	4.79	4.6	5.082	4.774	4.624	5.45	4.42	4.833	4.484	4.806	4.774
hsa-miR-30c-5p	7.182	7.889	8.309	7.574	8.057	7.55	8.127	7.987	7.55	8.276	8.309	7.889	8.127	8.528	8.766	8.276	8.648	8.528	8.127	8.057	8.198	8.439	7.929	8.528	8.478	8.648	8.648	8.357
hsa-miR-342-3p	6.564	6.902	7.003	6.154	6.774	6.968	6.657	7.385	6.774	6.633	6.443	7.413	7.51	6.719	6.902	6.203	7.077	6.606	6.932	6.803	6.774	6.064	5.773	6.689	6.39	6.414	6.803	6.041
hsa-miR-154-5p	0.737	1.558	2.413	-0.239	1.626	2.87	2.321	2.222	2.044	0.997	2.359	2.654	2.443	1.615	2.734	1.818	3.254	2.427	2.112	2.932	2.222	1.497	2.599	2.464	2.942	2.302	2.624	2.222
hsa-miR-375	NA	1.113	2.245	NA	0.383	NA	NA	4.292	1.337	2.031	2.792	2.57	3.3	2.583	3.073	2.044	2.823	3.847	2.359	3.684	4.906	3.697	4.323	2.942	3.48	4.892	4.019	3.459
hsa-miR-4257	3.673	3.577	3.28	3.155	3.037	2.538	3.096	3.367	3.471	3.048	3.394	3.428	2.804	2.858	2.87	3.404	2.427	2.505	3.155	2.976	2.287	2.882	3.416	2.932	2.834	3.22	2.87	2.538
hsa-miR-151a-3p	3.015	3.721	4.008	3.06	3.98	4.253	3.928	4.339	3.155	3.428	3.707	3.755	4.13	4.008	4.13	3.358	4.571	4.213	3.847	4.153	3.98	3.952	3.22	4.253	4.199	4.339	3.762	3.649
hsa-miR-340-5p	2.505	3.394	3.825	2.538	3.48	3.847	4.501	4.073	NA	2.87	3.917	3.331	4.059	4.167	3.834	4.045	4.373	4.339	3.358	4.045	3.742	4.033	3.428	4.571	4.734	4.515	3.588	3.684
hsa-miR-30a-3p	2.858	3.876	4.045	3.119	3.721	4.484	4.141	4.141	3.497	3.416	4.464	3.89	3.697	4.277	4.187	3.8	4.654	4.397	3.941	3.89	3.721	4.264	3.588	4.41	4.385	4.253	4.571	4.199
hsa-miR-6076	3.554	3.834	3.531	3.742	3.788	3.903	3.205	3.205	4.701	3.622	3.309	3.542	3.345	3.834	3.048	3.89	1.709	3.588	3.517	2.804	3.684	4.059	3.517	4.099	3.096	3.721	3.3	4.119
hsa-miR-4738-3p	2.87	2.222	NA	3.048	1.448	NA	NA	NA	2.287	2.683	NA	NA	NA	NA	NA	2.245	NA	NA	NA	NA	NA	0.684	NA	NA	NA	NA	NA	NA
hsa-miR-1471	3.28	0.337	NA	2.638	1.864	3.254	NA	1.32	3.06	4.253	NA	NA	NA	NA	NA	3.673	NA	NA	NA	NA	2.484	0.478	NA	NA	NA	NA	NA	NA
hsa-miR-4458	NA	0.436	NA	NA	2.336	NA	NA	NA	NA	2.245	1.29	NA	2.464	2.954	NA	NA	2.505	2.624	NA	NA	NA	2.464	NA	NA	NA	0.436	2.031	2.044
hsa-miR-96-5p	NA	0.601	NA	NA	NA	3.3	1.818	NA	3.641	NA	1.21	2.164	NA	NA	NA	NA	NA	NA	NA	NA	NA	NA	NA	NA	NA	NA	NA	NA
hsa-miR-423-5p	4.176	4.624	5.041	4.385	4.668	5.027	4.833	5.196	4.356	4.339	4.719	4.806	4.942	4.906	5.217	4.448	4.96	4.763	4.822	4.995	5.027	4.668	4.685	4.774	4.613	5.014	5.251	4.734
hsa-miR-21-3p	4.849	4.995	5.32	3.187	5.45	4.339	5.92	4.264	5.306	4.685	4.292	4.892	5.846	5.539	NA	4.339	3.863	4.668	5.663	2.669	3.788	3.037	2.858	4.501	6.294	2.882	4.42	6.02
hsa-miR-4417	3.531	3.416	NA	3.319	2.761	NA	2.779	1.864	5.122	3.531	3.177	3.119	1.626	1.951	NA	3.531	1.877	1.788	2.894	NA	2.749	2.669	2.583	2.413	2.964	2.779	NA	3.267
hsa-miR-1290	3.89	3.241	3.025	4.774	4.141	2.792	2.613	2.914	2.683	3.28	2.464	2.723	3.632	2.464	2.712	2.834	2.761	3.143	2.932	2.761	2.57	2.613	2.914	3.119	2.882	2.557	2.792	3.673
hsa-miR-6165	7.961	7.254	7.483	6.744	7.003	6.138	7.889	6.841	7.929	7.139	7.704	7.851	7.55	8.057	7.003	7.773	6.774	7.574	7.254	8.243	7.602	7.602	8.478	7.55	7.773	7.413	7.111	8.017
hsa-miR-100-5p	7.111	7.929	8.096	7.734	8.597	8.597	8.357	8.597	7.574	8.057	8.198	7.773	7.704	7.961	8.127	7.704	8.127	7.889	8.096	7.889	7.987	7.987	7.044	7.961	7.961	7.734	8.096	7.678
hsa-miR-937-5p	6.633	6.498	5.746	5.577	5.614	5.868	5.891	5.846	5.45	6.39	7.077	6.088	5.082	5.229	5.427	6.744	5.802	5.92	6.064	6.24	5.802	5.724	6.774	5.681	5.773	5.846	5.638	5.468
hsa-miR-145-3p	NA	NA	NA	NA	0.495	2.222	1.659	1.994	NA	NA	NA	NA	1.877	1.337	NA	NA	2.413	2.068	NA	NA	NA	1.29	NA	1.994	2.197	2.256	NA	NA
hsa-miR-122-3p	7.574	8.127	8.057	8.679	8.4	8.478	9.056	9.374	7.254	8.4	8.057	8.198	8.648	8.597	8.858	8.766	9.091	9.527	7.987	8.557	8.4	8.897	8.309	8.897	9.285	8.816	8.439	8.243
hsa-miR-335-5p	0.792	2.413	2.734	1.558	2.723	3.394	3.438	3.28	1.951	1.29	2.669	2.599	3.376	2.914	3.155	2.538	3.177	3.952	2.654	3.06	2.112	2.954	2.882	3.588	3.707	2.999	2.964	2.749
hsa-miR-340-3p	NA	0.684	2.336	-0.444	0.118	2.112	2.302	2.141	NA	0.411	2.245	1.737	2.044	1.709	2.599	1.938	2.557	2.519	1.527	3.037	1.806	1.448	NA	2.519	2.844	2.182	2.669	2.245
hsa-miR-4299	7.734	7.602	7.889	10.324	7.961	7.111	7.734	8.276	7.281	8.017	7.385	7.55	8.243	8.276	8.816	8.243	8.932	8.557	8.4	7.818	8.127	8.276	7.961	8.309	8.276	8.357	8.716	8.163
hsa-miR-497-5p	5.406	6.041	6.529	5.557	6.932	6.362	6.39	6.339	6.064	6.041	6.088	5.983	6.902	6.443	6.689	6.088	6.719	6.32	6.294	6.339	6.362	6.744	6.339	6.498	6.633	6.841	6.606	5.936
hsa-miR-23b-3p	8.163	8.816	9.212	8.557	9.012	9.253	9.012	9.13	8.528	9.091	9.285	9.13	9.056	9.329	9.527	9.056	9.169	9.253	9.253	9.434	9.329	9.285	8.897	9.169	9.091	9.253	9.253	9.13
hsa-miR-320e	5.427	5.746	6.154	4.833	5.868	6.32	5.663	6.24	5.708	5.614	5.773	5.891	5.802	5.802	6.32	5.32	6.088	6.02	6.041	6.223	6.138	5.468	5.468	5.983	5.746	6.138	6.175	5.962
hsa-miR-877-3p	0.043	0.446	NA	1.427	0.552	NA	NA	NA	1.527	-0.324	NA	NA	NA	NA	NA	1.626	NA	1.337	2.749	NA	NA	0.77	2.427	NA	1.864	0.997	NA	NA
hsa-miR-181a-5p	5.539	5.936	6.064	5.45	6.498	6.529	6.064	6.294	5.962	5.539	5.962	6.39	6.443	6.414	6.466	5.614	6.633	5.746	6.203	5.826	5.92	5.846	6.02	6.119	5.983	6.223	6.088	5.492
hsa-miR-148b-3p	3.037	3.863	4.199	2.976	4.292	4.213	4.64	4.153	3.254	3.345	3.994	3.941	4.339	4.571	4.385	3.876	5.229	4.833	4.13	4.008	3.903	4.13	3.554	4.719	4.515	4.906	4.141	3.762
hsa-miR-513c-5p	3.542	2.669	3.449	3.755	3.143	4.019	2.21	4.008	3.554	5.32	3.345	3.241	4.306	3.404	4.153	4.833	3.025	3.205	3.177	3.994	3.449	3.663	3.952	3.309	3.98	3.048	3.825	3.941
hsa-miR-378d	NA	1.512	2.443	-0.007	2.519	3.025	3.048	2.858	NA	1.558	3.195	2.336	2.393	3.394	3.449	2.126	4.153	3.89	2.044	3.254	3.331	3.531	3.131	3.086	4.008	3.788	3.438	3.037
hsa-miR-6724-5p	6.138	5.846	5.406	6.633	5.291	4.995	5.306	5.051	5.539	5.352	5.891	5.681	4.98	5.027	5.306	5.724	5.101	5.027	5.291	5.32	5.32	5.251	5.681	4.806	5.062	5.027	5.229	5.269
hsa-miR-5196-5p	0.552	1.187	NA	2.013	1.427	NA	NA	1.29	0.845	0.029	NA	NA	NA	NA	NA	1.09	NA	NA	NA	NA	1.694	1.113	NA	1.709	NA	1.258	NA	NA
hsa-miR-409-3p	2.345	2.345	2.21	0.982	2.413	3.438	2.749	2.683	NA	0.383	2.734	3.195	1.448	2.321	NA	NA	2.932	2.599	2.013	NA	1.709	2.013	NA	2.484	2.484	2.427	NA	1.806
hsa-miR-6075	1.709	1.626	1.914	2.197	0.103	NA	NA	1.512	1.32	1.659	1.497	NA	1.527	1.187	NA	1.877	NA	NA	NA	NA	1.603	1.187	2.697	1.588	NA	1.113	NA	1.749
hsa-miR-2276	3.941	4.099	3.309	4.942	3.241	NA	2.954	2.894	4.213	3.48	3.497	3.567	2.932	2.905	3.387	2.954	2.538	2.669	3.267	2.834	3.847	3.641	3.29	2.624	NA	2.749	3.025	3.319
hsa-miR-3607-3p	1.427	2.112	2.804	2.044	3.3	2.271	4.42	3.632	1.157	1.626	2.519	2.484	3.777	4.099	3.788	3.29	4.385	4.099	2.427	3.048	2.464	3.721	3.096	3.963	3.863	4.084	3.777	2.613
hsa-miR-582-5p	NA	1.806	1.806	NA	1.32	3.06	2.683	2.613	1.645	0.617	1.914	NA	3.155	0.601	NA	2.779	2.858	2.57	NA	NA	NA	2.413	NA	2.57	3.166	2.683	NA	NA
hsa-miR-18a-5p	1.21	1.725	2.519	-0.548	1.187	2.823	3.166	2.302	NA	0.563	2.375	2.624	2.359	2.823	NA	1.749	2.393	2.443	2.126	2.712	1.877	1.427	NA	2.345	2.654	3.28	2.164	2.557
hsa-miR-16-5p	9.48	9.594	9.65	9.434	9.48	9.65	9.527	9.873	9.594	9.48	9.434	9.65	9.594	9.212	9.285	9.091	9.329	9.212	9.594	9.012	9.285	9.056	8.557	9.13	9.056	9.091	9.374	9.434
hsa-miR-33b-3p	3.205	2.683	1.749	4.339	2.345	2.302	NA	1.976	NA	1.187	2.087	2.321	1.897	1.85	2.222	0.982	1.897	1.21	2.031	2.538	2.044	2.638	2.443	0.965	NA	1.467	2.599	2.21
hsa-miR-151a-5p	5.962	6.294	6.841	5.891	6.633	6.932	6.606	7.003	6.005	6.719	6.633	6.362	6.865	6.841	7.077	6.362	6.968	6.774	6.633	6.865	7.044	6.803	6.39	7.111	7.003	7.003	7.003	6.657
hsa-miR-338-5p	4.253	5.136	5.352	3.707	4.64	NA	3.847	4.084	2.613	4.515	5.027	4.98	3.554	4.806	5.492	3.06	4.008	4.059	3.928	5.136	4.995	4.6	3.928	3.8	3.834	3.903	4.167	3.963
hsa-miR-139-3p	1.864	1.788	3.048	1.588	1.806	2.964	2.761	3.471	2.21	1.497	2.345	2.914	2.792	2.942	3.941	2.302	3.542	3.195	2.834	3.376	3.241	2.345	3.319	3.025	3.28	3.345	3.428	2.583
hsa-miR-26a-5p	8.528	9.091	9.13	9.13	9.65	9.329	9.329	9.594	8.766	9.012	9.056	8.973	9.957	9.434	9.784	9.374	9.594	9.285	9.169	9.056	9.374	9.594	9.727	9.784	9.329	9.873	9.285	8.973
hsa-miR-490-5p	NA	-0.43	NA	-0.898	-0.72	NA	NA	NA	NA	-0.277	NA	NA	1.187	0.139	NA	NA	NA	NA	NA	NA	NA	-0.058	NA	NA	NA	NA	NA	NA
hsa-miR-30e-5p	6.362	6.841	6.689	5.962	6.606	6.689	7.451	6.902	6.203	6.774	7.254	7.044	7.483	7.451	6.719	7.602	7.281	7.773	6.466	7.281	7.355	7.451	7.315	7.483	7.734	7.851	7.077	7.413
hsa-miR-491-3p	2.464	2.141	3.721	-0.058	1.877	NA	1.337	2.245	NA	2.098	2.256	2.804	1.788	3.387	2.761	1.994	NA	2.164	1.397	2.87	3.577	3.497	3.195	3.233	NA	2.013	2.844	2.964
hsa-miR-1275	5.708	4.922	4.806	5.291	4.464	5.936	4.543	5.306	6.02	5.577	4.79	4.571	4.806	4.292	4.748	5.335	4.356	4.527	4.774	4.79	4.849	4.527	4.96	4.906	4.849	4.64	5.082	5.082
hsa-miR-20b-5p	4.922	5.352	5.514	4.748	5.539	5.708	5.868	6.175	4.98	5.291	5.983	5.663	6.32	6.689	6.203	6.154	6.443	6.564	5.251	5.802	6.175	6.443	6.175	6.932	6.744	6.744	5.936	6.175
hsa-miR-378a-5p	1.09	2.256	3.187	-0.664	2.613	3.663	3.037	3.177	1.448	2.697	3.876	3.205	2.245	3.928	4.111	1.897	4.583	4.253	1.818	3.98	4.045	4.045	2.999	3.509	4.501	4.226	4.292	3.777
hsa-miR-107	7.678	8.163	8.4	7.483	7.851	8.4	8.057	8.478	7.483	8.127	8.017	8.163	8.096	8.163	8.309	7.961	8.243	8.276	8.276	8.127	8.276	7.961	7.413	8.357	8.198	8.309	8.276	8.198
hsa-miR-378a-3p	7.003	7.281	7.851	6.498	7.602	8.096	7.51	7.734	6.841	7.704	8.478	7.704	7.602	8.439	8.648	7.254	8.679	8.478	7.385	8.276	8.597	8.557	8.057	8.017	8.597	8.478	8.897	8.528
hsa-miR-1227-5p	5.014	4.515	3.684	5.082	3.994	4.41	4.153	3.89	4.167	3.697	4.176	3.994	3.599	3.632	4.059	4.213	3.707	3.876	3.994	4.199	4.084	4.373	4.892	3.917	3.917	4.79	3.994	4.099
hsa-miR-423-3p	1.615	0.407	1.671	0.237	-0.324	NA	1.29	1.749	NA	-0.129	NA	NA	1.32	1.448	2.749	0.684	2.222	1.543	NA	NA	1.543	0.792	NA	1.818	1.806	1.397	2.256	1.558
hsa-miR-130a-3p	6.902	7.355	7.602	6.865	7.818	7.678	7.574	8.243	7.111	7.315	7.315	7.574	7.678	7.315	7.55	6.932	7.678	7.413	7.654	7.111	7.654	7.315	6.719	7.385	7.182	7.654	7.385	6.968
hsa-miR-654-3p	1.157	1.337	2.557	0.103	1.603	3.143	2.222	2.464	1.497	0.77	2.393	2.427	1.976	1.497	2.804	1.709	2.999	2.484	1.994	2.792	2.098	1.512	NA	2.302	2.932	2.599	2.359	2.031
hsa-miR-127-3p	3.06	3.517	3.777	1.994	4.019	3.863	3.542	3.863	3.449	2.57	3.387	4.277	3.812	3.166	3.577	2.914	4.199	3.358	3.697	3.825	3.876	3.3	3.166	3.632	3.903	3.847	3.742	2.761
hsa-miR-5195-5p	0.77	1.448	NA	1.512	1.142	NA	NA	NA	NA	1.337	NA	NA	NA	1.788	NA	1.467	NA	NA	NA	NA	2.256	3.319	NA	1.512	NA	1.187	NA	NA
hsa-let-7c	8.766	9.285	9.329	8.932	9.594	9.48	9.091	9.212	9.169	9.253	9.253	9.169	9.169	9.253	9.594	8.858	9.374	9.056	9.434	9.285	9.253	9.329	8.858	9.253	9.212	9.212	9.594	9.056
hsa-miR-557	3.721	3.649	1.85	3.015	3.155	3.876	3.952	3.588	3.48	2.484	3.742	3.319	1.615	2.197	3.404	3.48	3.588	3.777	3.107	2.942	3.143	3.358	4.613	3.622	3.957	4.236	3.416	3.721
hsa-miR-450a-5p	NA	NA	NA	NA	0.163	NA	1.725	2.823	NA	NA	NA	NA	NA	0.945	NA	1.238	2.013	1.603	NA	NA	NA	0.829	NA	1.864	2.393	2.624	NA	NA
hsa-miR-130b-3p	3.632	4.213	4.41	2.519	4.084	4.045	3.8	4.833	3.387	4.008	4.654	5.352	3.98	4.045	4.213	3.98	4.64	4.033	4.748	4.571	4.019	3.588	3.119	5.027	4.253	4.501	3.98	3.903
hsa-miR-762	6.154	5.891	5.681	5.846	5.468	5.335	5.291	5.577	5.577	6.154	5.663	5.638	5.196	5.269	5.32	5.92	5.306	5.352	5.539	5.539	5.614	5.746	5.708	5.082	5.45	5.217	5.514	5.291
hsa-miR-143-3p	2.942	3.742	3.928	3.509	5.101	5.229	4.881	5.32	3.567	3.241	3.89	4.226	5.153	4.64	3.8	4.253	5.051	4.583	3.707	4.543	4.734	5.062	4.397	5.387	4.464	5.708	3.673	3.788
hsa-miR-1915-3p	8.597	7.678	7.077	8.816	7.077	6.657	7.077	6.774	7.077	7.182	7.413	7.315	6.633	6.774	6.932	7.003	6.339	6.689	7.077	7.221	7.281	7.003	7.55	6.744	6.443	6.633	6.774	6.774
hsa-miR-514b-5p	2.375	0.617	NA	2.484	-0.41	NA	NA	NA	2.834	0.237	NA	NA	NA	NA	NA	NA	NA	NA	NA	NA	NA	NA	NA	NA	NA	NA	NA	NA
hsa-miR-652-3p	NA	0.563	2.182	-0.419	0.43	2.57	1.914	2.182	1.725	NA	NA	NA	2.141	0.337	NA	NA	2.336	NA	NA	NA	NA	NA	NA	1.337	NA	0.792	NA	NA
hsa-miR-4327	4.187	4.199	3.755	4.527	3.195	2.359	3.497	3.622	3.917	3.952	4.64	3.697	2.999	3.073	2.443	4.701	3.367	3.449	3.632	3.762	3.187	3.632	4.213	2.905	3.205	3.073	3.131	3.632
hsa-miR-4532	4.019	4.264	4.264	5.352	4.111	3.28	3.707	3.847	3.8	4.059	4.119	3.632	3.863	3.673	4.019	4.084	3.89	3.721	3.903	3.697	4.008	3.847	4.073	3.641	3.941	3.777	4.059	4.434
hsa-miR-363-3p	0.463	0.139	1.877	-0.573	0.21	3.588	2.098	3.166	2.976	0.163	1.818	3.29	1.603	2.302	NA	1.371	2.245	NA	NA	NA	2.599	0.459	NA	2.638	NA	2.942	NA	NA
hsa-miR-4665-5p	2.999	3.187	NA	4.6	1.543	NA	NA	NA	1.29	0.965	NA	1.938	NA	NA	NA	1.448	NA	NA	NA	NA	3.554	2.905	NA	NA	NA	NA	NA	NA
hsa-miR-3653	4.668	5.062	5.387	5.229	5.594	5.427	6.005	6.39	4.264	5.101	5.229	5.251	5.936	6.203	6.362	5.306	6.362	6.005	5.196	5.335	5.468	5.638	5.427	5.936	6.005	6.203	5.594	5.101
hsa-miR-4758-5p	3.762	3.755	2.393	3.367	3.107	2.519	3.267	3.3	4.527	4.881	4.199	3.345	2.988	2.749	2.779	4.199	2.976	2.942	3.394	3.131	3.29	3.073	3.917	3.037	3.438	3.131	3.254	3.428
hsa-miR-24-3p	8.557	9.012	9.012	8.439	8.973	9.285	8.766	8.858	8.716	8.716	8.932	9.212	8.858	8.858	8.716	8.597	8.816	8.816	9.091	8.932	9.13	8.716	8.4	8.766	8.528	8.858	8.679	8.716
hsa-miR-30b-5p	8.716	9.13	9.056	8.648	9.253	8.679	9.253	9.253	8.478	8.858	9.091	8.932	9.434	9.13	9.212	9.169	9.253	9.091	8.973	8.897	9.091	9.374	8.766	9.285	9.434	9.374	9.212	8.816
hsa-miR-3679-5p	5.217	5.153	4.79	5.773	5.051	4.849	4.701	4.654	6.041	4.822	4.583	4.583	4.701	4.515	4.734	4.892	4.292	4.6	4.942	4.41	4.881	4.774	4.748	4.624	4.373	4.527	4.774	5.062
hsa-miR-197-3p	3.119	2.914	3.994	2.427	3.28	3.697	3.48	3.663	3.29	3.06	3.131	3.641	3.61	3.187	3.61	2.761	3.847	3.509	4.264	4.073	3.509	2.697	3.641	3.195	3.697	3.697	3.876	3.531
hsa-miR-3195	5.387	5.041	5.101	5.663	4.654	5.041	5.387	4.906	5.663	6.466	5.306	5.269	4.995	5.306	4.553	5.802	5.406	5.492	5.027	5.468	5.082	4.833	5.724	5.539	5.826	5.335	5.176	5.539
hsa-miR-4499	4.41	4.543	3.952	4.484	4.13	3.941	4.059	4.277	5.368	4.226	4.213	4.153	3.742	3.812	4.292	4.42	3.876	4.073	4.292	3.963	4.434	4.226	4.515	4.264	4.356	4.397	4.199	4.385
hsa-let-7e-5p	5.936	6.443	6.719	5.868	7.315	7.602	6.633	6.968	7.221	6.606	6.689	6.865	7.003	6.223	6.841	6.32	6.841	6.466	6.968	6.841	6.841	6.414	5.983	6.633	6.529	6.803	6.865	6.203
hsa-let-7g-5p	9.212	9.48	9.48	9.169	9.329	9.594	9.374	9.784	9.285	9.329	9.48	9.48	9.873	9.169	8.932	9.212	9.285	9.169	9.329	9.48	9.527	9.13	8.716	9.48	9.48	9.329	9.329	9.169
hsa-miR-6124	6.968	6.719	6.339	7.254	6.719	5.983	6.203	6.414	7.851	7.929	6.606	6.272	6.529	6.39	6.564	7.111	6.223	6.443	6.414	6.414	6.24	6.689	7.221	6.138	6.138	6.02	6.362	6.689
hsa-miR-4725-5p	NA	1.749	2.087	0.617	0.543	3.241	NA	NA	NA	0.337	NA	NA	NA	1.818	2.182	NA	NA	NA	1.897	NA	NA	NA	2.669	NA	NA	0.463	1.951	NA
hsa-miR-374a-5p	5.122	5.983	6.005	5.492	6.223	6.119	6.932	6.443	4.906	5.306	5.826	5.826	6.657	6.064	6.005	6.064	6.39	6.272	5.868	5.868	6.041	6.154	5.027	6.272	6.498	6.529	5.724	5.638
hsa-miR-145-5p	6.24	7.077	7.385	7.139	8.679	7.929	7.602	8.127	7.355	7.221	7.044	6.932	8.057	7.929	8.163	7.734	8.017	7.654	7.221	7.773	7.889	8.357	8.243	8.243	7.623	8.597	7.55	7.254
hsa-miR-186-5p	1.32	2.999	3.497	2.359	3.89	2.882	3.876	4.176	2.697	2.734	3.3	3.497	3.876	3.542	3.554	3.096	4.073	3.825	3.131	3.673	3.131	3.195	2.932	3.863	3.721	3.834	2.942	3.025
hsa-miR-4665-3p	4.719	4.701	4.553	4.019	4.583	4.701	4.264	4.213	3.517	4.501	4.862	4.6	3.825	3.963	4.264	4.484	4.553	4.553	4.213	4.42	4.13	4.199	4.79	3.847	4.264	4.008	4.484	4.141
hsa-miR-650	4.099	3.8	4.226	3.517	4.059	NA	4.448	3.755	2.761	3.649	4.084	4.306	4.553	4.822	4.515	3.599	4.141	4.226	3.89	4.484	4.571	4.484	5.082	3.952	4.323	3.876	4.306	4.213
hsa-miR-29a-3p	9.374	9.873	9.727	9.48	9.957	9.957	9.65	10.324	9.727	9.65	9.873	9.873	10.62	9.65	10.01	9.727	10.157	9.784	9.873	9.527	9.873	9.957	9.784	9.873	9.873	9.957	9.957	9.65
hsa-miR-1268b	7.483	6.414	5.983	7.111	5.891	5.468	6.339	5.802	6.564	5.868	6.32	6.223	6.041	6.119	5.868	6.272	5.557	6.203	6.362	6.529	6.339	6.294	7.003	6.24	6.064	6.005	6.223	6.39
hsa-miR-590-5p	1.85	3.155	2.882	1.371	3.048	3.119	3.567	3.319	2.126	3.166	3.037	3.684	3.731	3.28	2.464	3.073	3.762	3.697	2.882	3.404	3.61	3.177	2.844	3.577	3.928	3.742	3.096	2.882
hsa-miR-101-3p	5.269	5.868	5.891	4.849	5.962	5.826	6.803	5.983	4.79	6.005	6.466	6.119	6.841	7.139	6.498	6.633	7.003	7.315	5.983	6.138	6.529	6.968	6.657	7.281	7.221	7.254	6.466	6.529
hsa-miR-1260b	6.498	7.221	7.51	5.826	7.51	6.39	8.816	7.55	7.182	7.003	7.929	7.602	7.355	8.127	7.355	7.574	7.602	8.357	7.889	8.163	7.221	7.773	9.374	8.163	8.439	7.678	6.968	8.096
hsa-miR-342-5p	NA	1.258	2.112	NA	0.297	2.557	NA	2.256	2.098	0.829	1.671	2.538	2.321	0.543	NA	NA	2.321	1.497	1.671	NA	1.397	NA	NA	1.142	NA	0.726	2.21	NA
hsa-miR-451a	10.324	10.157	9.873	10.01	8.816	10.242	9.285	10.242	11.563	10.495	10.073	10.157	10.073	10.767	9.65	10.495	9.48	9.727	9.784	9.329	10.495	9.169	9.65	10.242	10.01	10.073	9.65	10.62
hsa-miR-532-5p	2.044	3.48	3.673	2.464	3.416	4.141	3.788	3.762	3.015	1.737	2.823	3.471	3.497	3.29	3.517	2.712	3.721	3.459	2.792	3.358	2.519	2.858	NA	3.387	2.823	3.673	2.976	2.712
hsa-miR-23b-5p	NA	-0.408	1.645	NA	-0.623	NA	1.32	NA	NA	-0.189	NA	1.371	NA	0.319	NA	NA	1.023	1.157	NA	2.505	NA	NA	NA	0.737	NA	0.103	NA	1.671
hsa-miR-374c-5p	NA	0.43	NA	-0.43	0.485	NA	2.245	2.427	NA	NA	NA	NA	2.087	0.792	2.197	NA	2.271	1.671	NA	NA	NA	0.601	NA	1.976	NA	1.497	NA	NA
hsa-miR-505-5p	NA	0.495	1.603	NA	-0.703	1.914	NA	1.09	NA	-0.309	1.023	0.863	NA	1.427	NA	NA	1.737	NA	1.371	2.557	0.708	0.029	NA	1.645	1.914	1.05	2.393	NA
hsa-miR-3196	6.759	6.119	5.936	6.223	5.638	5.746	6.272	5.638	5.614	5.663	6.294	6.24	5.681	5.868	5.539	6.041	5.335	6.138	5.724	6.39	6.005	5.936	6.968	5.891	5.936	5.826	5.746	6.064
hsa-miR-22-5p	NA	1.238	2.256	-0.337	0.237	2.098	2.823	2.21	NA	NA	1.659	NA	NA	2.624	2.302	1.157	2.359	2.413	NA	NA	NA	0.383	NA	3.166	2.669	2.044	NA	NA
hsa-miR-770-5p	3.241	3.449	3.847	2.21	3.567	NA	4.484	2.779	3.096	3.143	4.019	4.111	4.226	4.763	3.673	3.742	3.531	4.236	3.684	4.448	3.812	4.339	5.122	4.236	4.397	3.755	3.622	4.484
hsa-miR-93-5p	5.846	6.005	6.362	5.708	6.272	6.564	6.32	6.689	5.406	5.468	6.064	6.138	6.154	5.92	5.802	5.45	6.24	5.983	6.088	5.846	5.826	5.614	5.251	6.175	5.962	6.088	5.92	5.826
hsa-miR-4484	3.742	4.033	4.571	3.941	3.367	3.037	4.167	2.761	3.394	3.567	3.762	3.863	3.577	3.994	2.954	3.61	3.086	3.06	3.416	3.876	3.994	3.963	3.622	3.762	3.663	3.89	3.387	3.707
hsa-miR-4465	5.027	4.685	4.613	4.397	4.264	4.719	4.187	4.995	4.019	4.356	4.701	5.082	4.176	4.236	4.668	4.922	4.464	4.008	4.543	4.515	4.385	4.213	4.373	4.306	4.571	4.356	4.748	4.339
hsa-miR-193a-3p	5.251	6.02	6.223	4.64	6.041	5.846	6.24	5.826	5.027	5.802	6.203	6.02	6.175	6.362	6.339	5.773	6.466	6.498	5.92	6.443	6.498	6.339	5.577	6.32	6.339	6.32	6.414	6.24
hsa-miR-125a-5p	3.731	4.323	4.701	3.994	5.229	5.153	5.027	5.027	4.624	3.98	4.448	4.685	5.122	4.553	5.229	4.306	5.368	4.774	4.734	4.719	4.64	4.862	4.668	5.101	4.822	5.468	4.654	4.167
hsa-miR-4270	6.932	6.466	5.427	6.088	6.154	6.744	6.564	6.272	7.51	6.443	6.39	6.203	5.335	5.45	6.529	6.414	6.119	6.294	6.272	5.92	6.223	6.529	7.678	6.564	6.564	6.932	6.064	6.719
hsa-miR-3616-3p	2.359	2.505	3.542	2.999	2.669	NA	2.87	3.577	2.964	2.932	3.015	3.267	3.755	3.517	4.199	3.131	3.61	3.086	3.542	3.663	3.8	3.394	3.599	3.358	3.509	3.376	4.176	3.449
hsa-miR-34a-3p	NA	0.463	NA	NA	-0.264	2.087	2.484	1.337	NA	NA	1.543	NA	NA	NA	NA	NA	1.951	1.976	NA	NA	NA	NA	NA	NA	NA	NA	NA	NA
hsa-miR-4304	NA	NA	NA	0.563	0.965	NA	1.788	NA	NA	1.788	NA	NA	1.427	2.613	NA	1.337	NA	NA	NA	NA	NA	1.749	2.723	NA	2.164	NA	NA	2.914
hsa-miR-766-3p	0.726	-0.129	1.588	0.319	0.436	2.804	1.302	1.302	NA	-0.346	NA	0.829	1.142	NA	NA	NA	0.945	NA	3.22	NA	0.684	NA	NA	NA	NA	0.118	NA	NA
hsa-miR-940	6.32	6.154	5.962	6.466	5.724	5.773	5.746	5.708	4.862	5.962	6.154	5.846	5.101	5.387	5.291	6.529	6.005	6.119	5.826	5.708	5.492	5.826	6.633	5.041	5.557	5.577	5.708	5.251
hsa-miR-4634	7.55	6.064	5.539	6.564	5.406	4.922	4.98	4.515	4.763	5.514	5.368	5.427	4.41	4.79	4.96	5.514	4.41	5.062	5.335	5.269	6.39	5.773	4.995	5.051	4.13	5.136	4.98	4.571
hsa-miR-483-5p	4.806	4.79	4.774	4.922	4.734	4.277	4.719	4.448	6.443	4.719	4.748	4.654	4.774	4.942	4.79	4.763	4.527	4.719	4.892	4.763	4.748	4.64	4.822	4.79	4.748	4.833	4.892	5.041
hsa-miR-324-5p	3.394	4.059	4.373	3.205	4.176	4.734	4.306	4.199	3.742	3.577	4.153	4.41	3.994	4.153	3.89	3.721	4.42	4.141	4.323	4.434	3.928	3.684	2.834	4.385	3.957	4.099	4.119	4.073
hsa-miR-6127	7.221	7.483	7.55	8.017	8.017	7.889	7.221	7.315	7.889	7.889	7.111	7.182	7.773	7.851	7.851	7.139	7.413	7.51	7.734	7.51	7.623	7.851	7.734	7.221	7.281	7.281	7.929	7.929
hsa-miR-874	4.434	4.668	5.014	4.187	4.434	4.881	4.571	4.892	4.553	4.6	4.98	4.862	4.849	5.051	5.962	4.64	5.082	4.685	4.654	5.062	4.942	4.701	4.922	4.613	4.774	4.849	5.136	4.624
hsa-miR-3934-5p	2.723	2.624	2.999	2.654	2.583	NA	1.938	2.723	1.694	3.941	2.844	1.725	2.882	3.143	3.331	3.416	2.375	2.779	1.543	NA	2.882	3.06	NA	2.914	2.519	2.723	2.141	2.013
hsa-miR-4739	7.139	6.803	6.498	6.203	6.064	6.803	5.826	5.936	6.529	5.681	6.223	6.744	5.32	5.368	5.335	6.02	5.746	5.638	5.406	5.638	5.352	5.45	5.335	5.352	5.306	5.406	5.406	5.983
hsa-miR-3622b-5p	1.897	NA	NA	2.844	-0.519	NA	NA	NA	2.464	1.603	NA	NA	NA	NA	NA	1.023	NA	NA	1.645	NA	NA	NA	NA	NA	NA	NA	NA	NA
hsa-miR-1229-5p	7.254	6.223	5.153	7.182	5.335	5.051	5.514	4.501	5.868	4.668	5.514	5.746	4.96	4.98	5.051	5.269	4.213	5.306	5.962	5.217	5.594	5.663	5.269	5.153	4.111	5.269	5.217	5.122
hsa-miR-362-5p	1.29	2.654	2.669	-0.129	1.371	2.914	2.443	2.443	1.659	0.37	2.098	2.557	2.345	1.543	2.57	1.527	2.464	2.245	2.087	2.858	1.818	0.965	NA	2.126	2.21	2.164	2.505	1.976
hsa-miR-4497	5.983	5.557	5.826	5.468	5.577	5.594	5.427	5.746	5.082	5.427	5.335	5.724	5.387	5.514	5.614	5.492	5.514	5.45	5.638	5.45	5.708	5.406	5.406	5.492	5.594	5.614	6.02	5.773
hsa-miR-142-5p	0.411	3.673	3.241	0.649	4.119	3.554	4.892	3.254	3.025	2.013	2.613	3.788	4.719	3.531	NA	3.367	4.685	4.42	3.863	NA	NA	2.932	NA	3.876	3.577	3.309	3.119	1.994
hsa-miR-424-3p	4.111	1.603	NA	1.709	2.182	NA	1.709	NA	NA	3.331	NA	NA	NA	NA	NA	NA	NA	NA	NA	NA	2.583	2.375	NA	NA	NA	NA	NA	NA
hsa-let-7d-5p	6.803	7.413	7.678	6.932	7.678	8.017	7.355	7.889	7.451	7.413	7.221	7.483	7.654	7.385	7.602	7.044	7.623	7.385	7.55	7.678	7.678	7.385	6.564	7.51	7.451	7.51	7.451	7.111
hsa-miR-4261	5.082	4.942	5.638	4.613	5.492	3.367	6.02	5.041	5.101	4.484	5.539	5.708	6.606	7.044	5.594	5.406	5.614	5.708	5.368	6.088	5.681	6.203	7.111	5.92	6.223	5.681	5.577	6.443
hsa-miR-320b	6.041	6.24	6.657	5.539	6.203	6.841	6.088	6.633	6.154	6.564	6.362	6.414	6.223	6.272	6.803	5.983	6.294	6.24	6.719	6.689	6.719	5.962	6.24	6.362	6.154	6.294	6.657	6.362
hsa-miR-19b-3p	8.243	8.528	8.597	7.413	8.243	8.309	8.478	8.439	7.623	8.648	8.816	8.597	8.716	8.932	8.057	8.679	8.766	8.932	8.557	8.766	8.897	9.012	8.648	8.858	8.858	9.012	9.056	8.932
hsa-miR-3652	3.29	3.143	2.505	3.762	2.905	3.649	2.068	3.22	3.195	3.812	2.964	2.393	2.87	2.697	3.187	3.649	2.804	2.905	2.484	2.683	3.086	2.964	3.649	2.245	2.505	2.505	2.638	2.484
hsa-miR-4284	11.132	11.905	11.905	12.29	12.29	11.563	12.29	12.29	11.333	11.905	12.29	11.563	12.29	12.29	12.29	12.821	12.29	12.29	11.563	12.29	12.29	12.29	11.333	12.29	12.29	12.29	12.29	11.905
hsa-miR-3656	5.868	5.514	5.306	6.841	4.763	5.32	5.45	5.014	5.681	4.613	5.681	5.32	4.862	4.96	5.387	5.387	4.892	5.041	5.45	5.196	5.217	4.942	5.557	4.942	4.942	5.368	5.306	6.005
hsa-miR-195-5p	6.657	7.574	7.929	6.902	8.478	7.773	7.55	7.773	7.602	7.55	7.55	7.355	8.163	7.623	7.961	7.182	7.889	7.483	7.773	7.704	7.773	8.127	7.483	7.851	8.017	8.163	7.961	7.281
hsa-miR-4633-5p	3.404	2.321	2.723	1.21	2.599	NA	2.976	NA	0.863	1.645	2.761	2.844	2.734	3.471	2.393	2.21	1.938	2.844	2.182	3.542	3.166	3.28	3.673	2.779	2.804	2.413	2.538	2.87
hsa-miR-146a-5p	4.543	5.014	4.862	5.122	4.892	5.406	5.638	5.773	3.952	4.153	4.668	5.539	5.868	5.041	4.922	4.356	5.868	5.101	4.906	4.187	4.42	4.849	3.847	5.176	5.291	4.942	4.763	4.515
hsa-miR-103a-3p	8.276	8.439	8.766	7.818	8.557	8.816	8.276	8.557	8.017	8.478	8.4	8.716	8.557	8.478	8.439	8.057	8.4	8.309	8.897	8.679	8.648	8.057	7.818	8.478	8.357	8.4	8.557	8.557
hsa-miR-505-3p	2.413	3.554	4.292	3.096	3.742	3.509	4.226	4.373	2.557	3.742	4.236	3.588	3.788	5.153	4.822	3.952	5.014	4.654	3.876	4.553	4.187	4.187	4.292	5.196	5.153	4.98	4.501	4.13
hsa-miR-4632-5p	2.964	2.464	NA	2.375	1.238	NA	NA	NA	0.997	0.297	NA	NA	NA	NA	NA	1.29	NA	NA	NA	NA	NA	0.407	NA	NA	NA	1.749	NA	NA
hsa-miR-155-5p	3.952	4.356	4.833	4.119	4.501	4.774	4.6	4.79	4.176	3.497	3.963	4.719	5.041	3.941	4.099	3.731	4.613	3.707	4.464	3.834	3.641	3.567	3.812	3.941	3.8	3.632	4.253	3.755
hsa-miR-1224-5p	3.903	4.111	3.788	4.033	3.917	4.153	3.697	3.599	4.373	3.61	3.684	3.812	3.394	3.777	3.567	4.111	3.404	3.684	3.755	3.755	3.941	4.141	4.045	3.994	3.641	4.045	3.707	4.264
hsa-miR-212-3p	4.748	4.464	4.748	4.553	4.701	2.287	5.539	4.099	4.141	3.762	4.849	5.051	5.514	5.773	4.277	4.654	4.397	5.122	4.448	5.614	4.96	5.176	5.868	5.217	5.406	4.668	4.264	5.406
hsa-miR-374b-5p	4.484	5.335	5.594	5.027	5.773	5.802	5.846	6.138	4.685	4.748	5.196	5.387	5.962	5.32	5.638	5.153	5.846	5.427	5.352	5.427	5.557	5.352	4.484	5.577	5.663	5.773	5.269	4.942
hsa-let-7f-5p	9.65	10.242	10.01	10.157	10.324	10.62	10.4	10.767	10.01	9.727	10.157	10.242	10.767	10.4	10.242	9.957	10.4	10.157	9.957	10.242	10.073	10.157	9.527	10.767	10.324	10.62	10.01	9.784
hsa-miR-6125	9.727	8.973	8.198	9.957	7.704	7.574	7.483	7.602	7.987	8.096	8.127	8.309	7.623	7.574	7.889	8.096	6.902	7.111	8.057	8.096	8.357	7.929	8.198	7.773	7.111	7.623	7.51	7.851
hsa-miR-3141	4.64	4.862	4.448	4.995	4.942	4.111	4.385	4.41	5.217	4.849	4.527	4.373	4.668	4.583	4.774	4.397	4.277	4.385	4.668	4.339	4.613	4.922	5.051	4.515	4.226	4.41	4.701	4.583
hsa-miR-1914-3p	4.42	4.527	4.484	4.448	4.685	5.196	3.917	4.167	5.229	4.96	4.253	4.264	4.515	4.527	4.624	4.033	4.264	4.264	4.42	4.323	4.527	4.719	4.434	4.045	4.084	4.033	4.668	4.527
hsa-miR-501-5p	NA	1.467	NA	-0.707	1.709	1.877	NA	1.023	NA	2.359	NA	NA	NA	1.737	NA	NA	1.448	NA	NA	NA	NA	0.411	NA	NA	NA	NA	1.85	1.497
hsa-miR-181b-5p	2.988	3.641	3.459	2.792	4.045	4.264	3.684	3.788	3.707	2.761	3.48	4.236	3.89	3.449	3.241	2.942	4.045	2.999	4.019	3.166	3.233	2.779	3.143	3.684	3.404	3.471	3.404	2.999
hsa-miR-665	4.624	3.345	3.707	3.394	2.484	NA	1.85	3.06	1.806	3.834	3.376	3.394	3.166	3.459	3.697	3.319	3.119	2.583	2.098	3.588	4.059	3.471	3.254	2.988	2.792	3.107	3.788	3.205
hsa-miR-29c-3p	8.648	8.897	8.973	8.163	9.056	9.056	9.212	8.973	8.816	9.212	8.897	9.091	9.727	8.973	8.973	8.973	9.434	9.48	9.13	9.091	9.012	9.434	9.091	9.091	9.784	9.13	9.48	9.012
hsa-miR-34b-5p	3.3	3.438	3.404	3.554	3.903	4.553	4.96	4.748	3.319	1.976	3.928	3.721	3.963	2.654	NA	3.187	3.8	3.963	2.858	NA	NA	2.804	NA	NA	NA	0.485	NA	NA
hsa-miR-1273c	1.337	NA	NA	2.734	0.459	NA	NA	1.187	0.601	4.922	NA	NA	2.164	NA	2.126	3.588	NA	NA	NA	NA	NA	1.32	NA	NA	NA	NA	NA	1.694
hsa-miR-486-5p	3.663	3.387	3.731	3.233	2.844	4.434	1.626	3.812	5.638	4.176	3.847	3.649	3.834	3.917	3.684	3.037	3.697	3.542	3.599	3.086	4.373	2.761	3.459	3.542	3.567	3.517	3.449	4.397
hsa-miR-6510-5p	3.994	3.89	3.086	4.084	3.941	3.459	2.858	2.905	5.335	4.045	2.988	2.087	3.471	2.375	2.245	4.019	NA	2.964	3.952	NA	3.497	3.166	NA	3.428	3.254	2.734	NA	4.111
hsa-miR-6509-5p	1.397	NA	NA	1.694	-0.67	NA	NA	NA	NA	-0.239	NA	NA	NA	NA	NA	0.829	NA	NA	2.538	NA	0.845	1.806	NA	NA	NA	0.337	NA	NA
hsa-miR-4787-3p	3.649	3.684	3.3	3.459	3.205	3.187	2.905	2.988	2.256	3.107	3.663	3.517	2.749	2.557	2.359	2.964	2.914	3.155	3.428	2.914	2.858	2.988	3.509	NA	2.098	2.613	3.177	2.894
hsa-miR-3663-3p	6.064	5.539	5.176	6.24	5.027	5.217	5.122	4.774	4.774	5.638	5.746	4.833	4.277	4.41	4.719	5.638	4.806	5.251	5.217	4.833	5.306	5.041	5.101	4.64	4.881	4.553	4.734	4.995
hsa-miR-4698	4.583	4.881	4.236	6.175	4.553	NA	3.309	3.358	3.577	4.213	4.501	4.045	4.685	3.577	3.928	4.862	3.29	3.834	4.176	3.847	4.236	4.176	3.98	3.731	3.61	3.29	3.567	4.98
hsa-miR-5100	10.495	10.495	10.936	10.073	10.767	10.157	11.905	10.073	10.324	10.936	11.563	11.333	11.333	11.905	10.936	11.563	11.563	11.905	10.767	11.905	11.333	11.563	13.701	11.905	11.905	11.905	10.767	11.563
hsa-miR-1202	8.932	8.648	7.818	9.056	7.654	6.498	8.096	7.044	9.012	7.987	8.276	8.439	7.734	8.096	7.451	8.528	7.221	7.929	8.478	8.4	8.243	8.478	8.679	7.818	7.818	7.818	7.773	8.127
hsa-miR-4271	5.773	5.663	4.98	5.101	4.96	4.448	5.014	4.98	5.041	5.176	6.041	5.306	4.6	4.6	4.862	5.663	4.995	4.995	5.041	5.229	4.98	5.051	5.936	4.701	4.906	5.122	4.906	4.892
hsa-miR-3130-3p	NA	1.142	1.897	-0.228	0.601	NA	NA	NA	NA	NA	NA	2.505	2.271	2.141	2.505	NA	NA	NA	NA	NA	0.965	1.615	NA	NA	NA	NA	NA	NA
hsa-miR-4657	0.863	1.09	2.345	1.497	2.375	NA	1.558	1.938	NA	0.43	1.938	1.659	2.413	3.205	3.358	NA	2.087	1.951	NA	NA	1.626	2.557	NA	2.013	2.141	1.709	2.697	2.164
hsa-miR-140-5p	4.236	4.734	4.892	4.008	4.543	5.539	5.269	5.269	4.64	4.434	5.014	5.014	5.594	4.701	4.073	4.553	5.122	5.014	4.685	5.306	5.051	4.434	4.167	5.269	5.136	5.229	4.685	4.833
hsa-miR-542-5p	NA	0.997	NA	NA	2.302	2.599	NA	2.031	0.829	0.425	1.737	NA	1.558	1.157	NA	1.397	2.098	1.694	NA	NA	1.615	0.617	NA	NA	NA	1.32	2.345	NA
hsa-let-7i-5p	7.929	8.017	7.987	7.385	7.889	8.716	7.851	8.4	8.4	7.734	7.987	8.648	8.198	7.773	7.385	7.654	7.929	7.704	8.198	7.961	8.057	7.483	7.254	7.734	7.678	7.704	7.602	7.602
hsa-miR-192-3p	2.624	3.917	4.277	3.345	3.952	4.385	4.527	4.734	2.905	4.033	4.42	3.762	4.385	4.397	4.571	3.697	5.041	4.734	3.641	4.806	4.763	4.42	3.309	4.822	4.922	4.583	4.64	4.306
hsa-miR-3917	2.669	2.359	NA	2.804	1.951	NA	2.464	NA	2.443	0.343	1.448	NA	NA	NA	NA	2.413	NA	NA	1.512	NA	1.187	1.914	2.638	NA	NA	2.583	NA	2.834
hsa-miR-4281	9.434	9.056	8.439	9.329	8.198	8.127	8.557	7.929	9.434	8.597	8.858	8.679	7.574	7.602	8.243	8.648	7.851	8.439	8.648	8.198	8.163	8.096	9.056	8.057	7.929	7.929	8.163	8.309
hsa-miR-4784	NA	0.863	NA	1.337	1.994	NA	NA	NA	NA	2.068	NA	NA	NA	2.271	NA	NA	2.519	NA	NA	NA	NA	2.044	NA	NA	NA	0.77	NA	NA
hsa-miR-4463	4.571	4.42	4.13	3.812	3.812	4.397	4.111	4.13	4.448	4.41	4.922	4.199	3.941	3.952	4.045	4.822	4.059	4.306	4.277	4.397	4.167	4.073	4.881	4.059	4.176	4.073	4.515	4.236
hsa-miR-144-3p	0.881	0.343	NA	NA	1.302	NA	3.577	2.624	3.509	1.709	3.025	3.48	2.583	4.226	NA	4.073	3.449	4.119	NA	NA	3.319	2.894	3.531	3.788	4.42	3.404	NA	3.119
hsa-miR-424-5p	5.891	6.203	6.138	5.514	7.139	7.003	6.529	7.451	5.936	5.041	6.498	6.657	7.182	6.529	6.39	6.564	6.803	6.803	6.175	6.774	7.003	6.865	6.32	6.606	6.902	7.182	6.39	5.891
hsa-miR-150-5p	5.468	7.315	7.355	5.427	7.451	7.221	6.466	6.529	7.704	5.846	5.577	7.077	7.077	6.154	6.294	5.681	7.574	6.414	7.111	5.983	5.387	5.92	4.98	6.414	5.614	6.119	6.689	4.849
hsa-miR-502-3p	NA	0.726	1.994	-0.567	0.337	2.505	1.543	1.85	1.023	NA	NA	1.626	NA	0.617	NA	NA	NA	NA	NA	2.723	NA	NA	NA	NA	NA	0.982	NA	NA
hsa-miR-4486	1.626	1.737	NA	3.48	0.617	NA	NA	NA	1.187	1.527	NA	NA	NA	NA	NA	NA	NA	NA	NA	NA	1.994	1.05	NA	NA	NA	NA	NA	NA
hsa-miR-3156-5p	4.292	4.719	4.822	5.387	5.387	4.033	4.397	4.397	4.734	4.98	4.6	4.543	5.229	5.352	5.122	4.059	4.849	4.748	4.833	4.583	4.668	5.196	4.906	4.339	4.448	4.264	5.122	5.027
hsa-miR-140-3p	4.199	4.96	5.122	4.356	5.352	5.368	5.335	5.514	4.668	4.571	4.806	4.849	5.663	5.136	5.251	4.571	5.638	5.082	4.922	5.027	5.062	4.98	4.583	5.45	5.041	5.45	5.101	4.613
hsa-miR-199a-5p	6.529	7.55	7.139	7.003	8.897	7.987	7.987	7.654	8.243	7.281	7.623	7.51	7.987	7.987	7.929	7.929	8.163	7.602	7.315	7.55	7.818	8.243	7.889	7.987	7.851	8.276	7.574	7.044
hsa-miR-487b	4.339	5.101	5.773	3.131	5.251	4.13	5.724	4.719	4.571	4.701	5.614	5.773	5.773	6.294	5.45	4.98	5.291	5.614	5.153	6.041	5.514	5.802	6.902	5.802	5.868	5.352	5.062	5.802
hsa-miR-564	5.681	4.892	5.269	5.983	4.922	3.777	4.763	5.176	4.583	4.906	4.822	5.176	5.539	5.291	5.891	4.995	5.217	4.849	5.051	5.291	5.577	5.306	5.196	5.251	5.196	5.062	5.773	5.014
hsa-miR-642b-3p	4.942	4.806	4.339	4.264	4.373	4.515	4.045	4.253	6.466	4.995	4.397	4.339	4.141	3.707	3.98	5.176	3.903	3.812	4.339	3.928	4.176	3.834	3.8	4.226	4.484	3.917	4.073	4.701
hsa-miR-99b-3p	2.804	3.037	3.742	3.663	2.654	NA	2.734	3.697	3.309	2.712	3.205	3.404	3.928	3.684	3.876	3.119	3.015	2.823	3.06	3.599	3.632	3.509	3.697	3.367	3.517	3.195	4.13	3.577
hsa-miR-376c-3p	3.917	4.448	4.668	3.641	5.014	5.251	4.774	4.849	3.697	3.963	4.685	5.041	4.543	4.685	4.833	4.236	5.468	4.806	4.624	4.98	5.153	4.892	4.64	4.96	5.352	5.32	4.922	4.448
hsa-miR-22-3p	9.594	10.01	10.157	9.253	9.434	9.784	9.727	9.727	9.056	9.594	9.957	10.073	8.973	9.527	9.727	9.329	9.527	9.65	9.727	10.157	9.957	9.527	9.434	9.727	9.65	9.527	10.157	9.727
hsa-miR-4745-5p	3.367	3.367	3.416	3.254	3.177	3.416	3.588	3.096	3.941	3.195	3.649	3.531	3.367	3.438	2.894	3.542	3.358	3.517	3.096	3.28	2.999	2.942	4.084	3.29	3.825	3.267	3.663	4.033
hsa-miR-211-3p	6.865	6.175	6.24	5.936	5.746	4.356	6.744	5.468	5.468	6.064	6.657	6.529	6.138	6.902	5.826	6.294	5.92	6.657	6.02	7.044	6.657	6.606	7.385	6.657	6.606	6.466	6.32	6.841
hsa-miR-3176	NA	0.845	NA	-0.277	1.09	NA	1.497	NA	NA	NA	NA	NA	2.302	2.098	NA	NA	1.994	1.725	1.626	NA	NA	1.788	NA	NA	NA	1.21	2.413	NA
hsa-miR-214-3p	5.101	5.594	5.724	5.251	7.221	6.272	6.294	6.154	6.39	5.406	5.846	6.041	6.119	6.088	6.744	5.468	6.272	5.868	5.891	5.724	5.936	6.362	6.088	5.846	5.92	6.24	5.962	5.196
hsa-miR-5581-5p	3.928	4.484	4.501	3.847	4.822	4.685	4.033	4.236	4.073	5.122	4.356	4.119	4.583	4.833	4.613	3.863	4.448	4.41	4.527	4.373	4.41	4.734	4.385	4.019	4.045	4.111	4.624	4.323
hsa-miR-337-5p	NA	NA	NA	NA	0.157	2.164	1.527	1.371	NA	NA	NA	1.85	NA	NA	NA	NA	2.197	NA	NA	NA	0.881	NA	NA	NA	NA	1.023	NA	NA
hsa-miR-10b-5p	NA	0.459	2.222	0.829	3.863	3.428	3.131	2.942	2.583	1.32	1.976	2.21	3.015	3.358	3.367	2.197	3.387	2.976	2.141	2.749	1.897	3.673	NA	3.254	2.988	3.963	2.712	2.068
hsa-miR-6722-3p	2.068	1.938	NA	1.659	0.792	2.624	2.393	1.467	2.271	0.982	2.321	NA	NA	NA	NA	2.087	2.031	2.287	1.788	NA	1.725	1.397	2.905	1.694	2.044	2.126	NA	2.443
hsa-miR-4707-5p	0.965	0.945	NA	1.737	-0.129	NA	NA	1.737	1.671	NA	NA	NA	NA	NA	NA	NA	NA	NA	NA	NA	NA	NA	NA	NA	NA	NA	NA	NA
hsa-miR-3907	5.136	4.64	4.849	4.176	4.995	2.182	5.352	3.707	3.98	4.277	5.082	5.122	5.251	5.746	4.484	4.515	4.323	5.217	4.849	5.746	5.229	5.681	6.443	5.335	4.98	4.763	4.543	5.153
hsa-miR-4430	3.267	3.131	3.517	3.567	2.505	3.622	3.177	3.903	3.762	3.205	3.22	3.143	3.241	3.233	3.963	3.663	3.205	3.131	3.777	3.015	3.416	3.048	2.804	3.459	3.89	3.577	3.697	3.599
hsa-miR-132-3p	3.155	3.731	4.167	2.954	4.774	4.306	4.434	4.019	3.928	1.512	3.428	4.008	4.199	2.792	2.834	2.823	3.928	3.376	4.253	2.823	2.068	2.792	NA	2.954	2.538	2.905	2.834	3.416
hsa-miR-4324	0.337	1.709	2.638	0.463	3.233	2.976	3.107	2.999	2.164	1.725	2.723	2.256	2.914	3.22	3.622	2.669	3.731	3.345	2.375	2.964	2.336	2.823	2.87	3.471	3.449	3.542	3.195	2.57
hsa-miR-4636	NA	NA	NA	1.603	-0.536	NA	NA	NA	NA	1.21	NA	NA	1.818	0.684	2.557	NA	NA	NA	NA	NA	1.659	1.023	NA	NA	NA	NA	NA	NA
hsa-miR-548q	3.588	3.166	NA	3.876	1.512	NA	NA	NA	2.844	0.356	1.32	2.222	NA	1.806	NA	1.113	NA	NA	NA	NA	2.669	2.999	NA	NA	NA	2.245	NA	NA
hsa-miR-4506	NA	2.087	1.951	0.845	1.85	NA	NA	NA	NA	NA	NA	NA	2.57	2.882	2.988	NA	2.044	NA	NA	NA	NA	2.087	NA	NA	NA	2.087	NA	NA
hsa-miR-4656	3.309	2.583	2.844	3.531	2.57	4.668	2.197	3.416	3.177	4.448	2.804	2.519	2.964	2.256	3.195	4.464	2.683	2.654	2.443	3.3	2.359	2.245	2.954	2.823	3.331	2.712	2.954	3.06
hsa-miR-371b-5p	5.746	5.051	4.397	6.02	4.033	3.721	3.755	4.045	4.187	3.917	4.553	4.763	4.008	4.141	4.356	4.6	3.622	3.438	4.167	4.701	4.654	4.464	4.543	4.484	3.684	4.277	3.928	3.952
hsa-miR-1185-2-3p	3.254	3.086	NA	3.166	1.497	NA	2.505	NA	2.988	2.21	3.086	2.894	NA	1.694	NA	2.734	NA	2.557	1.709	NA	1.527	2.271	NA	1.187	NA	1.976	NA	2.112
hsa-miR-23a-3p	8.017	8.4	8.243	8.198	9.13	8.858	8.648	8.716	8.439	7.818	7.961	8.243	8.679	8.309	8.4	8.163	8.597	8.163	8.309	7.987	8.096	8.597	7.773	8.4	8.163	8.528	8.057	7.773
hsa-miR-3659	3.131	2.712	3.06	2.287	2.638	NA	3.509	1.142	2.894	3.037	3.29	3.025	3.119	3.367	3.037	2.844	2.697	3.166	2.914	3.641	2.734	2.87	3.788	2.804	3.428	2.538	1.897	3.404
hsa-miR-601	3.177	3.3	1.615	3.025	2.197	NA	2.164	0.997	3.963	3.394	3.073	3.037	2.197	2.21	2.087	3.143	0.965	1.659	1.864	2.57	2.844	2.723	NA	0.845	NA	2.141	NA	1.603
hsa-miR-1268a	6.719	6.339	5.846	6.443	6.02	6.064	6.175	6.041	6.633	5.773	6.175	6.064	5.708	5.406	6.119	6.466	5.681	5.891	6.138	5.891	6.088	6.005	6.803	6.064	6.32	6.064	6.203	6.294
hsa-miR-921	NA	-0.309	NA	1.527	-0.293	NA	NA	1.603	0.684	2.519	1.05	NA	1.85	0.411	2.164	1.558	1.258	1.427	1.497	NA	0.726	0.237	2.505	1.467	1.938	0.37	1.864	2.345
hsa-miR-4776-5p	3.471	4.073	3.8	3.731	4.339	NA	3.721	3.8	3.107	3.554	4.045	4.13	4.654	4.654	4.176	3.086	3.497	3.3	3.834	4.099	3.825	4.292	3.567	3.345	3.416	3.387	4.213	3.847
hsa-miR-3682-3p	3.143	2.723	2.164	2.599	2.287	NA	NA	2.712	2.87	2.599	2.583	NA	1.951	2.044	3.015	2.375	NA	NA	2.734	NA	2.683	2.126	NA	NA	NA	2.271	2.484	2.779
hsa-miR-4485	5.051	4.119	4.906	4.153	3.509	5.306	4.199	4.862	5.062	5.387	4.41	4.501	3.707	3.731	4.41	4.624	3.834	4.167	4.41	4.64	4.339	4.167	4.236	4.373	4.306	4.434	4.995	4.881
hsa-miR-139-5p	0.436	1.302	2.697	-0.324	1.749	2.779	2.427	3.143	NA	1.302	1.897	1.806	2.654	2.761	3.394	2.013	3.599	2.734	2.222	3.22	2.914	2.654	3.015	2.894	3.107	3.649	2.894	2.271
hsa-miR-500a-3p	NA	0.552	NA	-0.583	0.319	NA	1.694	2.013	NA	NA	NA	NA	1.512	1.023	NA	NA	NA	1.626	NA	NA	NA	NA	NA	NA	NA	1.157	NA	NA
hsa-miR-605	0.601	2.613	NA	0.863	0.726	NA	NA	NA	NA	NA	1.603	2.443	NA	1.527	2.287	1.659	NA	NA	NA	NA	2.182	3.096	NA	NA	NA	1.427	NA	NA
hsa-miR-223-3p	8.309	9.169	9.285	8.716	9.784	9.012	9.13	7.851	10.073	8.932	7.355	7.987	10.01	8.198	7.221	9.48	8.276	8.017	9.65	7.929	7.483	7.574	6.841	8.973	8.4	7.451	8.4	9.285
hsa-miR-4713-3p	5.32	5.724	5.92	5.406	6.119	6.175	5.468	5.614	5.492	6.841	5.594	5.577	5.983	6.138	5.936	5.217	5.983	5.846	5.746	5.577	5.638	6.041	5.92	5.427	5.514	5.539	6.041	5.868
hsa-miR-377-3p	1.806	2.197	2.858	-0.548	2.914	3.096	3.22	2.583	1.914	1.238	2.538	3.177	2.712	2.245	2.427	2.336	3.319	2.858	2.613	3.025	2.505	2.321	2.894	2.734	3.29	3.119	2.804	2.519
hsa-miR-210	4.79	5.217	5.708	4.434	5.306	5.663	5.983	4.64	4.253	4.862	5.269	4.79	4.42	5.826	5.153	3.963	5.492	4.942	5.773	5.122	4.862	4.41	4.571	5.614	4.763	4.881	5.291	5.614
hsa-miR-126-5p	2.882	3.107	2.988	3.309	3.684	2.749	4.624	4.685	3.048	2.976	3.697	3.777	4.833	4.306	3.707	4.323	4.748	4.64	2.519	4.501	4.501	4.397	4.306	5.122	4.862	5.387	3.471	3.471
hsa-miR-222-3p	1.659	1.659	2.779	1.725	2.697	3.073	3.367	3.404	2.669	NA	2.271	2.761	3.025	1.588	NA	2.112	2.954	2.222	2.964	NA	NA	1.238	NA	2.141	2.345	1.659	NA	NA
hsa-miR-1249	3.22	2.894	NA	1.32	0.982	3.731	2.894	1.258	2.654	0.708	2.942	2.823	NA	NA	NA	2.287	2.749	2.031	NA	NA	1.371	0.343	2.613	3.319	2.245	2.464	2.068	2.905
hsa-miR-199a-3p	7.851	8.557	8.357	7.961	9.527	9.13	8.897	8.766	9.329	8.198	8.439	8.816	9.091	8.716	8.557	8.716	8.897	8.243	8.597	8.357	8.679	8.973	8.439	8.597	8.557	8.897	8.309	7.987
hsa-miR-3194-5p	3.48	3.28	NA	3.428	2.624	NA	2.538	NA	3.428	2.942	3.143	1.749	NA	NA	NA	2.723	NA	1.818	1.588	NA	3.015	2.624	NA	2.427	NA	2.443	NA	1.877
hsa-miR-4462	2.098	1.29	2.013	1.023	0.845	NA	2.126	2.375	1.588	1.397	1.615	1.914	2.098	1.558	2.654	2.068	1.976	2.21	2.697	2.638	1.85	1.543	2.734	2.375	2.413	1.626	2.375	2.302
hsa-miR-4419a	4.059	4.167	4.323	3.684	4.213	NA	3.459	3.48	3.876	3.632	3.825	3.928	4.397	4.356	4.119	3.205	3.376	3.29	3.731	3.941	4.099	4.236	3.707	3.205	3.233	3.567	4.045	3.497
hsa-miR-4481	0.708	0.649	NA	0.297	0.37	2.683	NA	2.197	3.684	2.044	1.187	NA	1.694	0.425	NA	2.427	NA	NA	2.271	NA	1.157	NA	NA	1.497	2.222	0.478	NA	2.375
hsa-miR-3162-5p	8.858	8.096	8.017	7.704	7.55	7.51	8.198	7.678	8.858	8.163	8.096	8.4	7.929	8.4	7.818	8.478	7.451	7.987	7.929	8.528	8.017	8.017	8.973	8.127	8.243	7.961	8.017	8.439
hsa-miR-765	2.182	0.982	NA	2.068	1.113	NA	NA	NA	3.037	0.186	NA	NA	NA	NA	NA	NA	NA	NA	NA	NA	1.258	NA	NA	NA	NA	NA	NA	NA
hsa-miR-301a-3p	NA	0.319	NA	NA	0.006	NA	1.897	NA	NA	NA	NA	1.897	1.337	NA	NA	NA	1.615	NA	NA	NA	NA	NA	NA	NA	NA	NA	NA	NA
hsa-miR-1246	6.466	5.269	4.685	6.39	6.138	5.122	4.464	4.613	5.196	5.062	4.385	4.748	5.368	4.543	4.323	5.196	4.434	5.153	4.995	4.385	5.368	5.32	4.448	5.468	4.339	4.995	4.881	6.119
hsa-miR-4646-5p	3.416	3.531	3.29	3.622	3.531	3.177	3.025	2.749	3.721	3.319	3.06	3.06	3.22	3.3	3.599	3.166	2.654	2.914	3.187	2.624	3.567	3.428	NA	3.096	NA	2.894	3.755	3.241
hsa-miR-194-3p	0.157	-0.147	1.737	-0.729	-0.591	2.013	1.448	1.62	0.737	0.459	1.371	1.238	1.258	0.485	2.858	0.881	2.792	1.448	1.448	3.267	1.337	0.297	2.413	2.287	2.013	1.806	1.938	1.709
hsa-miR-4701-3p	4.763	3.963	3.358	4.654	3.632	NA	3.663	3.376	3.731	2.954	3.119	3.622	3.847	2.932	3.497	3.376	2.638	2.988	4.515	3.509	3.952	3.8	3.834	3.48	2.321	2.87	3.531	2.988
hsa-miR-29b-3p	7.355	7.818	7.773	7.044	7.987	8.057	8.439	8.163	7.044	7.451	7.602	7.961	8.439	7.678	7.315	7.987	7.987	7.961	7.602	7.623	7.961	8.163	7.623	7.929	8.127	7.889	7.413	7.51
hsa-miR-4687-3p	6.443	6.633	6.119	6.968	6.339	5.891	5.936	5.427	7.315	6.203	6.339	6.498	5.724	5.638	5.983	6.223	5.577	5.936	6.841	5.936	6.32	6.498	6.294	5.663	5.468	5.868	6.119	6.564
hsa-miR-4516	10.936	10.767	10.767	11.132	10.4	10.495	10.073	10.157	10.936	10.4	10.62	10.62	9.48	9.873	10.495	10.324	10.01	9.957	10.324	9.784	10.242	10.4	10.073	9.374	9.594	9.594	10.073	10.324
hsa-miR-5739	9.873	8.858	9.091	8.858	8.439	8.163	9.48	8.357	8.932	9.13	9.012	9.329	8.597	9.285	8.528	9.253	8.096	8.973	8.528	9.65	9.169	9.091	9.957	9.056	8.932	9.056	8.858	9.212
hsa-miR-3911	4.226	3.697	3.588	4.42	3.376	2.393	3.731	2.599	3.416	3.404	3.449	3.416	3.187	3.509	3.22	3.449	2.844	3.567	3.449	3.428	3.673	3.762	3.684	3.812	3.187	3.663	3.376	3.22
hsa-miR-221-3p	1.914	1.818	2.964	2.882	2.87	3.319	3.825	3.567	2.302	0.543	2.599	2.013	3.309	2.443	2.256	2.098	3.416	2.538	2.638	NA	NA	1.709	NA	2.964	2.914	2.21	2.557	2.182
hsa-miR-200a-3p	1.725	3.599	2.761	0.708	3.963	4.292	4.176	2.57	5.291	3.387	2.954	4.385	3.459	3.721	2.914	3.195	4.668	4.292	4.045	NA	2.697	3.416	2.624	3.567	3.777	3.554	3.834	2.734
hsa-miR-99b-5p	2.834	3.567	4.019	3.28	4.624	4.64	4.019	4.226	3.863	3.358	3.731	4.253	4.187	3.649	4.373	3.497	4.79	4.019	4.084	3.812	3.707	3.742	3.632	3.834	3.649	4.199	3.684	3.254
hsa-miR-3154	2.271	2.858	2.932	2.271	2.126	NA	NA	NA	2.031	2.321	2.557	1.694	1.737	2.427	NA	1.142	1.512	NA	NA	NA	2.761	2.112	NA	NA	NA	1.818	2.087	1.951
hsa-miR-4793-5p	3.438	3.025	3.037	3.632	3.015	2.21	1.749	2.734	4.119	3.155	2.905	2.954	2.723	2.484	2.669	2.87	1.671	1.994	2.823	NA	3.073	2.749	2.57	2.098	2.112	2.654	2.336	3.086
hsa-miR-197-5p	7.044	6.865	7.111	8.766	7.111	7.254	6.902	7.254	8.648	7.623	6.841	6.803	7.413	7.221	7.678	7.51	7.355	7.044	7.51	6.968	7.385	7.221	7.451	7.182	7.315	7.044	7.987	7.961
hsa-miR-3937	5.196	4.774	4.176	4.583	4.008	NA	3.89	3.497	4.806	4.019	4.515	4.624	3.588	3.554	3.762	4.264	3.812	3.742	3.812	4.141	4.213	4.084	4.176	3.517	3.497	3.531	3.941	4.019
hsa-miR-425-5p	4.141	4.763	5.062	3.952	4.849	5.101	4.922	5.291	4.306	4.527	4.942	5.027	5.027	4.734	4.98	4.501	5.32	4.892	4.98	4.942	5.041	4.515	3.89	4.98	4.719	5.041	5.051	4.822
hsa-miR-194-5p	9.091	9.253	9.434	9.012	9.212	9.091	9.434	9.527	8.276	9.285	9.527	9.374	9.212	9.727	9.434	8.932	9.65	9.374	9.374	9.594	9.727	9.48	9.212	9.329	9.374	9.65	9.434	9.329
hsa-miR-5585-3p	3.195	0.881	NA	3.331	2.804	NA	1.864	1.694	2.954	-0.062	NA	NA	NA	0.563	NA	1.864	NA	2.098	NA	NA	2.031	2.302	NA	1.914	NA	2.393	NA	NA
hsa-miR-29c-5p	1.788	1.976	2.792	0.478	2.098	2.905	3.61	3.387	2.182	1.914	2.834	2.882	3.641	3.267	2.932	2.57	3.952	3.755	2.669	3.309	2.557	3.267	3.037	4.033	4.059	3.8	3.086	2.823
hsa-miR-134	4.892	4.654	4.187	4.881	4.226	3.577	3.903	3.777	5.826	3.825	4.277	4.484	3.8	3.622	3.777	4.292	3.98	3.731	4.119	3.731	3.863	4.099	4.019	3.599	3.554	3.641	3.847	4.277
hsa-miR-6087	9.527	9.329	8.679	10.495	8.127	8.439	7.929	8.017	9.957	8.897	8.528	8.528	7.889	8.017	8.198	8.816	7.773	8.096	8.816	8.309	8.766	8.4	8.816	8.198	8.096	8.096	8.597	8.897
hsa-miR-6134	NA	2.427	NA	-0.434	2.538	NA	NA	NA	NA	1.806	1.238	NA	NA	2.734	2.345	NA	2.613	2.613	1.877	NA	NA	2.182	NA	NA	NA	0.617	2.044	2.683
hsa-miR-6126	4.906	4.553	4.543	5.062	4.277	4.176	4.253	3.928	3.847	4.306	4.484	4.448	4.153	4.434	4.141	4.176	4.033	4.199	4.306	4.464	4.323	4.583	4.806	4.008	4.141	4.019	4.187	4.356
hsa-miR-4800-5p	4.045	4.226	3.599	4.543	4.385	3.331	3.449	3.428	5.251	4.292	3.542	3.459	3.673	3.497	3.48	3.788	3.096	3.649	4.373	2.905	3.89	3.928	3.404	3.61	2.894	3.599	3.542	4.187
hsa-miR-4655-3p	3.61	2.557	NA	2.834	0.77	NA	NA	NA	NA	1.694	2.779	NA	NA	NA	NA	NA	NA	NA	NA	NA	NA	0.43	NA	NA	NA	NA	NA	NA
hsa-miR-4442	5.724	5.638	5.335	6.041	5.514	5.724	5.041	5.082	6.803	5.708	5.291	5.335	5.306	5.427	5.577	5.229	5.269	5.269	5.32	5.153	5.539	5.427	5.352	5.136	5.122	5.101	5.557	5.577
hsa-miR-320d	5.92	6.138	6.606	5.368	6.362	6.774	6.041	6.606	6.119	6.657	6.24	6.339	6.272	6.24	6.774	5.891	6.414	6.339	6.657	6.657	6.689	6.088	6.119	6.339	6.203	6.339	6.719	6.32
hsa-miR-1236-5p	3.187	3.309	3.143	2.964	3.267	2.197	2.792	3.015	3.649	3.588	3.096	2.905	2.697	3.06	3.096	2.792	2.87	3.107	3.119	NA	2.894	3.015	NA	2.697	NA	2.638	3.187	3.143
hsa-miR-429	NA	2.538	NA	NA	1.788	3.267	2.914	NA	4.226	2.087	1.302	3.073	NA	1.976	NA	NA	3.309	3.025	2.905	NA	NA	NA	NA	1.29	2.302	2.197	3.015	NA
hsa-miR-4317	NA	0.485	NA	-0.614	1.938	NA	1.877	1.671	0.965	0.478	1.427	NA	2.126	1.32	NA	NA	2.141	1.588	NA	NA	NA	0.945	NA	1.397	NA	0.881	NA	NA
hsa-miR-152	2.792	3.497	3.863	2.557	3.517	3.963	4.236	3.994	2.749	3.233	3.812	4.073	4.167	4.084	3.721	3.3	4.119	4.373	3.721	3.742	3.387	3.649	3.205	4.187	4.153	4.42	3.903	3.928
hsa-miR-4466	7.281	6.529	6.414	7.315	6.39	6.154	6.414	5.962	6.272	6.088	6.744	6.443	5.638	5.846	6.041	6.498	5.962	6.223	5.936	6.064	5.891	6.223	6.529	5.594	5.802	5.638	5.983	6.272
hsa-miR-6068	6.175	5.92	5.082	6.529	5.136	5.387	5.153	5.136	5.352	4.583	5.387	5.468	5.062	5.062	5.196	5.577	4.881	4.922	5.306	5.514	5.45	5.557	5.962	5.306	4.892	5.724	5.153	5.136
hsa-miR-24-1-5p	NA	0.425	NA	NA	-0.586	NA	1.737	NA	NA	0.436	2.413	2.287	NA	1.603	NA	1.302	2.068	2.359	1.615	2.988	2.197	0.737	NA	2.197	2.427	1.737	1.994	2.413
hsa-miR-6086	3.622	3.404	3.22	3.8	3.319	3.309	2.932	3.107	3.903	3.641	2.932	2.988	3.048	3.096	3.29	3.241	2.779	2.87	3.404	NA	3.542	3.309	NA	3.015	3.086	3.254	3.309	3.438
hsa-miR-4763-3p	8.439	8.198	7.413	7.55	7.929	7.818	7.413	7.221	7.654	7.254	7.773	7.929	6.689	7.111	7.254	7.818	7.182	7.139	7.139	7.139	6.865	7.139	7.704	6.719	7.139	7.139	7.281	7.355
hsa-let-7b-5p	10.073	10.4	10.324	9.873	10.936	10.767	10.242	10.4	10.495	10.242	10.242	10.4	10.495	10.62	10.4	9.873	10.324	10.01	10.62	10.767	10.4	10.495	10.01	10.495	10.157	10.767	10.62	10.495
hsa-miR-1185-1-3p	4.153	4.141	3.762	4.13	3.428	2.583	3.599	3.29	4.008	3.459	4.141	3.963	3.131	3.195	3.107	3.903	3.22	3.471	3.8	3.903	3.622	3.876	4.119	3.416	3.319	3.449	3.48	3.542
hsa-miR-1234-3p	3.345	3.195	3.903	4.213	3.497	3.98	3.241	3.742	3.241	3.3	3.28	3.28	3.358	3.086	3.663	2.988	3.554	3.241	3.963	3.387	3.517	3.143	3.825	3.28	3.599	3.731	3.812	3.367
hsa-miR-4690-5p	2.197	1.32	NA	2.761	1.467	NA	NA	NA	1.897	0.006	NA	NA	NA	0.383	NA	NA	NA	NA	1.725	NA	1.113	0.649	NA	NA	NA	0.552	NA	NA
hsa-miR-887	3.107	2.57	2.068	4.141	2.976	NA	NA	0.965	3.3	2.914	2.505	0.965	2.823	2.287	2.112	3.233	NA	2.256	2.779	NA	0.77	1.645	NA	NA	NA	0.186	2.823	3.697
hsa-miR-376a-3p	3.048	3.825	4.073	3.29	4.748	4.527	4.654	4.306	2.336	3.119	3.903	4.323	4.264	4.42	4.253	3.941	5.352	4.484	3.788	3.707	4.397	4.543	3.376	4.583	4.79	4.624	4.033	3.663
hsa-miR-125a-3p	5.802	5.368	5.136	7.077	4.719	4.323	4.41	4.6	4.464	5.217	5.062	4.822	4.448	4.862	4.906	5.557	4.019	4.862	4.64	4.881	5.962	5.269	4.849	5.368	4.701	5.176	5.196	5.387
hsa-miR-4470	NA	0.37	NA	1.877	0.863	NA	NA	NA	NA	0.863	NA	NA	1.371	2.068	NA	1.187	NA	NA	NA	NA	1.32	0.495	NA	NA	NA	NA	NA	NA
hsa-miR-494	9.056	7.773	8.276	9.212	7.734	10.936	8.163	9.65	8.163	9.957	8.716	8.127	9.13	8.243	8.897	10.01	8.528	8.766	7.961	8.973	8.309	7.818	9.13	8.648	9.012	8.198	8.198	9.091
hsa-miR-1973	4.774	2.905	3.812	3.697	2.271	4.833	3.649	4.763	3.331	2.464	3.577	3.166	2.942	3.107	4.033	3.577	3.577	4.111	2.999	3.471	2.87	3.554	4.187	3.928	3.994	3.98	4.277	3.376
hsa-miR-2861	7.987	7.451	6.865	8.057	6.564	6.443	6.689	6.657	6.932	6.744	7.003	6.968	6.339	6.606	6.865	6.841	6.203	6.39	6.902	7.003	7.111	6.902	7.281	6.443	6.362	6.689	6.744	6.744
hsa-miR-1288	2.683	3.319	3.345	2.345	3.61	3.755	3.3	3.309	3.131	4.199	3.367	3.048	3.438	3.663	3.531	2.583	3.471	3.497	3.459	3.577	3.107	3.542	3.438	2.761	3.06	3.025	3.721	3.3
hsa-miR-513b	4.084	3.471	4.153	3.928	3.649	4.008	3.387	4.527	3.663	5.746	3.788	3.98	4.292	3.641	4.543	5.101	3.742	3.8	3.762	4.527	4.073	3.89	4.008	3.825	4.434	3.825	4.226	4.176
hsa-miR-224-5p	NA	1.897	NA	1.85	3.599	4.187	3.632	3.61	3.531	0.446	4.434	4.527	3.684	3.428	NA	NA	4.099	NA	4.008	NA	NA	NA	NA	NA	NA	0.965	2.245	NA
hsa-miR-4291	4.306	4.187	4.084	5.802	4.448	3.952	4.277	4.464	3.367	3.542	4.13	4.434	4.613	4.373	4.464	3.917	4.306	4.187	4.059	4.356	4.484	4.654	4.111	4.464	4.187	4.306	4.236	3.876
hsa-miR-4449	3.086	1.645	2.197	0.118	0.945	2.734	2.712	2.638	1.749	0.21	2.336	2.031	1.864	1.659	2.21	1.951	2.624	2.302	1.914	2.894	2.141	1.527	NA	2.044	2.613	1.527	2.427	1.864
hsa-miR-150-3p	4.448	4.373	3.89	4.059	3.345	3.387	3.812	3.941	3.673	4.073	4.96	3.917	3.086	3.331	3.166	5.041	3.673	3.673	3.917	4.111	3.588	3.903	4.527	3.376	3.309	3.497	3.319	3.554
hsa-miR-4478	3.497	3.048	3.205	3.673	3.096	4.073	2.964	3.963	4.41	4.323	3.187	3.187	3.542	3.345	3.847	4.719	3.06	2.954	3.3	3.096	3.195	3.367	3.394	3.438	3.762	3.3	3.649	3.812
hsa-miR-5001-5p	6.02	5.32	4.942	6.414	4.515	4.543	4.292	4.668	4.515	4.543	4.995	4.942	4.64	4.668	4.849	4.96	4.187	4.176	4.613	4.922	5.122	4.881	4.862	4.849	4.41	4.806	4.464	4.654
hsa-miR-4647	1.187	NA	NA	2.749	0.356	NA	NA	1.951	2.375	4.167	NA	NA	2.068	1.113	2.638	3.641	NA	NA	NA	NA	NA	1.603	NA	1.558	NA	0.563	NA	2.197
hsa-miR-4286	10.767	10.073	10.242	9.594	10.073	8.932	10.936	8.897	9.527	10.01	10.4	10.324	10.4	10.936	9.957	10.242	10.495	11.333	10.495	10.936	10.62	10.936	11.563	10.936	11.132	10.936	11.132	11.132
hsa-miR-4672	3.98	3.622	4.059	5.335	3.777	3.917	4.099	4.701	3.755	3.731	3.632	3.663	4.111	4.213	4.763	4.167	4.176	3.98	4.141	3.917	4.199	4.019	4.277	4.397	4.543	4.464	4.397	4.226
hsa-miR-5703	2.613	2.443	NA	5.153	3.928	3.707	NA	1.448	5.891	4.42	2.57	NA	3.649	NA	NA	4.668	NA	2.697	3.015	NA	NA	NA	NA	1.09	3.025	NA	NA	4.806
hsa-miR-6717-5p	5.041	5.577	5.663	5.176	6.294	4.862	5.251	5.45	5.051	6.32	5.468	5.196	5.826	6.175	5.92	5.014	5.826	5.802	5.514	5.406	5.427	5.983	5.638	5.229	5.32	5.427	5.868	5.594
hsa-miR-1233-1-5p	4.881	4.583	4.881	3.963	4.527	3.531	5.577	4.356	4.236	4.099	5.136	5.368	5.352	5.708	4.64	4.806	4.501	5.335	4.501	5.773	4.833	5.101	6.041	5.32	5.638	5.051	4.323	5.45
hsa-miR-125b-2-3p	2.599	2.792	2.484	2.583	2.823	2.443	3.143	2.068	1.543	1.467	3.241	2.302	3.073	3.376	3.755	2.164	3.3	3.319	2.321	3.233	3.037	3.404	3.577	3.404	3.394	3.177	2.932	2.654
hsa-miR-371a-5p	4.822	4.153	4.099	4.685	3.834	2.141	4.008	3.509	4.323	3.721	4.099	4.553	3.663	3.788	3.812	3.994	3.267	3.762	4.073	4.226	4.111	3.941	4.339	3.663	3.742	3.588	3.917	4.059
hsa-miR-664b-5p	4.701	2.302	2.031	-0.309	2.932	2.321	1.588	NA	1.737	1.427	2.068	1.877	NA	1.258	NA	NA	NA	2.375	1.659	3.073	2.654	1.671	2.761	2.087	NA	1.302	3.143	NA
hsa-miR-128	1.951	3.119	3.119	2.894	3.29	3.641	3.777	3.952	2.112	1.877	3.777	3.086	2.505	3.588	2.976	2.599	3.777	2.834	2.988	3.331	2.834	2.976	NA	3.98	3.632	3.707	2.914	2.942
hsa-miR-892b	2.245	3.205	3.319	2.164	3.663	2.999	3.073	3.155	2.914	3.903	3.254	2.932	3.567	3.697	3.509	2.443	3.48	3.48	3.29	3.394	2.976	3.387	3.155	2.87	2.779	2.954	3.497	3.331
hsa-miR-126-3p	8.057	8.932	8.816	8.357	9.285	9.212	8.716	9.285	8.309	8.816	8.648	8.897	9.253	9.012	9.169	8.897	9.212	9.012	9.012	9.212	9.594	9.253	8.932	9.212	8.973	9.434	9.012	8.766
hsa-miR-218-5p	NA	0.356	NA	NA	1.671	2.669	1.806	1.877	1.976	NA	NA	1.603	2.858	1.21	NA	1.258	2.894	1.558	NA	NA	NA	0.337	NA	1.302	NA	2.823	NA	NA
hsa-miR-135a-3p	3.509	2.954	2.683	3.358	2.954	4.571	2.287	3.554	3.994	4.654	3.531	2.697	3.331	2.013	2.792	4.774	2.599	3.254	2.505	3.143	1.737	1.659	3.762	2.359	3.542	2.112	2.734	3.98
hsa-miR-30c-1-3p	0.237	-0.41	NA	-0.795	-0.693	1.864	NA	NA	1.258	-0.147	0.982	NA	NA	NA	NA	0.863	1.113	1.142	NA	NA	NA	NA	NA	0.829	1.897	0.268	1.818	1.543
hsa-miR-885-5p	6.841	7.385	7.654	7.929	7.623	7.623	8.017	8.528	6.175	7.51	7.851	7.221	7.451	7.654	8.017	7.451	8.057	7.818	7.574	7.851	7.851	7.678	7.51	7.678	8.057	7.987	7.818	7.139
hsa-miR-5195-3p	4.213	4.292	4.111	4.277	3.588	3.155	3.673	3.834	4.942	3.994	4.111	3.903	3.721	3.599	3.903	4.141	3.509	3.622	3.742	4.019	4.119	3.788	4.264	3.742	3.812	3.61	4.099	4.253
hsa-miR-664a-3p	2.427	2.964	3.554	2.723	3.331	3.345	4.213	4.033	2.942	2.834	3.588	3.731	3.449	4.111	4.236	3.331	4.226	4.323	3.376	4.176	3.48	3.707	3.449	4.119	4.073	4.059	3.863	3.131
hsa-miR-151b	3.707	4.434	4.734	4.306	5.062	5.082	5.082	5.557	3.834	4.373	4.734	4.167	5.217	5.176	5.406	4.748	5.663	5.468	4.226	4.734	5.014	5.122	4.553	5.638	5.539	5.594	4.942	4.64
hsa-miR-99a-5p	7.773	8.478	8.648	7.678	8.648	8.528	8.243	8.198	8.057	8.679	8.597	8.276	8.478	8.766	9.056	8.198	8.716	8.679	8.679	8.716	8.528	8.679	8.357	8.679	8.648	8.679	9.091	8.679
hsa-miR-652-5p	3.331	3.015	2.834	2.182	2.712	2.654	3.471	2.413	4.033	2.999	3.622	3.3	3.267	3.61	2.823	3.28	2.942	3.428	2.464	3.952	2.345	3.107	4.199	3.449	3.588	3.319	2.882	4.008
hsa-miR-532-3p	1.512	1.951	2.894	0.446	2.112	2.844	2.638	2.954	1.938	1.023	2.21	2.345	2.336	1.671	2.882	1.427	2.734	2.393	2.245	2.954	1.749	1.09	NA	2.112	2.287	2.345	2.654	1.725
hsa-miR-4734	2.844	3.233	2.375	3.89	2.393	2.638	1.994	2.098	2.779	0.684	2.126	2.271	2.669	2.999	2.413	1.976	2.21	1.645	1.85	NA	1.951	2.734	2.557	1.725	2.126	1.694	2.443	3.096
hsa-miR-3127-5p	2.823	3.663	3.697	3.416	4.253	2.723	3.187	3.241	3.233	4.084	3.404	3.254	3.903	4.253	4.008	2.697	3.684	3.917	4.553	3.449	3.649	4.277	3.863	3.06	3.241	3.416	4.008	3.742
hsa-miR-6723-5p	5.492	5.306	5.229	5.614	5.082	4.236	5.406	4.624	4.892	4.806	5.45	5.514	5.176	5.594	5.014	5.291	4.906	5.406	5.101	5.387	5.136	5.539	6.154	5.406	5.368	4.96	5.014	5.663
hsa-miR-4476	2.976	2.761	2.914	2.57	1.694	NA	NA	1.558	4.292	2.779	2.882	2.749	2.557	2.126	2.321	3.254	2.712	NA	2.723	NA	1.448	1.976	NA	1.258	NA	2.068	3.073	3.048
hsa-miR-4669	5.153	4.906	4.719	5.217	4.397	4.199	3.863	4.111	5.427	4.774	4.167	4.464	4.119	4.176	4.397	4.277	3.755	3.994	4.719	4.236	4.553	4.356	4.226	4.199	3.847	4.119	4.339	4.501
hsa-miR-4740-5p	2.393	2.484	1.938	1.645	2.256	NA	NA	NA	1.397	0.737	1.788	2.068	NA	NA	NA	NA	1.588	NA	NA	NA	NA	NA	NA	NA	NA	0.425	NA	NA
hsa-miR-4716-3p	3.834	4.571	4.583	3.777	4.833	4.96	4.084	4.385	4.111	5.082	4.373	4.187	4.734	4.892	4.654	3.834	4.6	4.501	4.484	4.292	4.292	4.748	4.42	4.111	4.099	4.141	4.583	4.464
hsa-miR-4252	3.073	3.073	4.033	-0.675	3.707	NA	4.806	2.976	2.999	2.557	3.941	4.42	4.79	5.014	3.731	3.428	3.28	4.277	3.205	4.862	3.755	4.323	5.32	4.141	4.654	3.762	2.197	4.373
hsa-miR-4496	2.932	2.599	NA	2.443	2.031	NA	1.371	NA	3.438	2.256	1.142	NA	NA	NA	NA	2.359	NA	NA	NA	NA	1.976	1.938	NA	NA	NA	2.375	NA	1.659
hsa-miR-671-5p	2.222	2.375	NA	3.22	2.087	2.044	NA	NA	3.599	1.897	NA	1.976	NA	NA	NA	2.345	NA	NA	1.558	NA	2.427	0.863	NA	NA	NA	0.446	NA	1.737
hsa-miR-370	1.558	0.297	NA	2.302	0.029	2.375	NA	1.914	2.013	4.141	1.725	NA	1.645	0.407	NA	4.385	1.603	1.512	NA	NA	1.467	0.708	NA	1.897	2.712	0.708	NA	2.359
hsa-miR-193b-3p	6.119	6.32	7.182	6.138	6.32	6.902	6.719	7.574	5.594	6.689	6.529	6.689	6.414	7.077	7.623	6.774	7.044	7.003	6.803	6.932	7.254	6.774	6.414	7.044	7.044	7.077	7.139	6.803
hsa-miR-622	2.583	2.182	NA	2.321	1.737	1.994	NA	NA	3.825	3.509	NA	1.32	NA	0.268	NA	3.387	NA	NA	NA	NA	NA	0.139	NA	NA	NA	NA	NA	1.626
hsa-miR-574-3p	4.385	4.748	5.492	4.373	5.153	4.906	5.217	5.387	4.397	4.942	5.153	5.062	5.557	5.577	6.02	5.027	5.539	5.577	6.39	5.594	5.406	5.082	5.802	5.746	5.577	5.936	5.891	5.176
hsa-miR-361-5p	4.734	5.122	5.557	4.501	5.427	5.681	5.492	5.492	4.822	4.763	5.251	5.291	5.577	5.557	5.663	4.849	5.724	5.557	5.229	5.368	5.291	5.387	5.217	5.773	5.708	5.802	5.826	5.368
hsa-miR-4539	4.277	3.812	3.567	3.073	3.577	NA	1.951	1.645	NA	2.858	1.994	3.449	NA	3.037	NA	1.806	NA	2.141	2.302	2.779	3.697	3.025	NA	3.177	NA	3.037	NA	2.321
hsa-miR-4741	8.816	7.182	6.294	9.091	6.414	5.92	5.962	5.368	5.802	6.339	6.005	6.564	6.005	5.681	6.088	6.24	4.734	5.826	6.606	6.362	6.932	6.841	5.846	6.154	5.027	5.891	6.138	6.138
hsa-miR-15b-5p	7.602	7.961	8.127	7.281	8.163	8.243	7.623	7.961	7.961	7.654	7.654	7.818	7.818	7.355	7.734	7.077	7.654	7.451	7.851	7.654	7.451	7.182	6.466	7.574	7.385	7.355	7.889	7.574
hsa-miR-29b-1-5p	0.997	2.031	1.659	NA	1.05	1.938	2.624	2.271	1.994	1.588	2.749	1.427	2.427	1.897	NA	2.271	1.187	1.32	1.427	NA	1.788	-0.007	NA	1.371	3.131	NA	2.098	2.669
hsa-miR-3692-5p	4.167	NA	NA	2.222	-0.444	NA	NA	NA	NA	2.393	NA	1.671	NA	NA	NA	NA	NA	NA	3.319	NA	NA	NA	NA	1.448	NA	2.031	2.222	NA
hsa-miR-6089	11.563	10.936	10.4	11.905	10.242	9.873	9.873	9.48	10.4	10.157	10.495	10.495	9.285	9.48	9.873	10.157	9.012	9.434	10.4	10.4	10.936	10.62	10.495	9.527	8.897	9.784	9.873	9.957
hsa-miR-193a-5p	1.818	3.29	3.941	3.037	2.964	3.449	2.834	3.331	2.624	3.367	3.834	2.976	3.428	3.863	4.167	3.267	3.917	3.788	3.663	4.084	3.777	3.233	3.233	3.755	3.376	3.928	3.641	4.084
hsa-miR-630	3.358	3.06	2.942	5.746	4.42	4.119	2.57	2.538	6.362	4.397	3.048	NA	4.084	0.343	NA	4.906	1.626	3.416	3.195	NA	1.142	2.068	NA	2.613	3.195	NA	NA	5.306
hsa-miR-6088	8.4	7.704	6.932	8.478	6.865	7.315	7.254	6.803	7.818	6.902	7.483	7.281	6.498	6.498	7.044	7.623	6.657	6.968	7.413	6.902	6.902	7.077	7.851	6.841	6.689	6.968	7.044	7.451
hsa-miR-455-3p	4.6	5.406	6.272	4.571	5.708	6.02	5.594	6.064	5.269	5.936	5.92	5.492	6.02	6.865	7.182	5.962	6.865	6.633	5.681	6.606	6.02	6.466	6.064	7.077	6.719	6.657	6.932	6.339
hsa-miR-3940-5p	5.594	5.427	5.051	5.136	5.269	4.806	5.196	4.822	5.136	4.553	5.427	5.406	3.917	4.339	4.501	5.136	4.774	4.881	4.571	4.906	4.448	4.79	5.387	4.167	4.624	4.6	4.719	4.79
hsa-miR-4306	3.777	4.176	4.253	3.903	4.356	4.6	4.685	4.942	4.13	3.777	3.952	4.292	4.356	4.199	4.084	4.008	4.862	4.448	4.153	4.059	3.963	3.755	2.976	4.448	4.277	4.292	3.8	4.045
hsa-miR-21-5p	11.333	11.563	11.333	10.767	11.333	11.905	11.333	11.333	11.132	10.324	11.333	12.29	11.905	10.495	9.329	10.62	10.767	10.62	11.333	10.01	9.784	10.01	9.285	10.073	10.4	10.242	9.784	10.767
hsa-miR-199b-5p	1.749	2.882	2.823	0.737	4.323	4.099	3.98	3.025	2.882	0.881	2.443	3.707	4.213	3.416	2.484	3.847	3.428	2.749	3.073	2.882	2.245	1.725	2.749	2.393	2.359	2.669	2.126	NA
hsa-miR-3646	0.478	0.043	NA	0.029	-0.239	NA	NA	1.427	NA	2.271	NA	NA	1.397	0.997	NA	1.32	NA	NA	NA	NA	NA	NA	NA	1.626	NA	0.945	NA	1.788
hsa-miR-4728-5p	4.397	4.41	4.64	4.98	4.484	4.942	4.79	5.335	4.434	5.229	4.571	4.515	4.484	4.881	5.136	5.082	5.027	5.196	4.806	4.748	4.583	4.685	4.833	4.685	5.051	4.701	4.96	4.96
hsa-miR-30b-3p	0.446	0.268	NA	NA	-0.573	NA	NA	NA	NA	NA	1.864	NA	NA	0.463	NA	NA	1.788	2.112	NA	NA	NA	NA	NA	1.543	2.57	0.43	2.519	NA
hsa-miR-133b	NA	NA	NA	NA	-0.147	3.599	2.697	1.543	NA	NA	NA	NA	1.543	0.708	NA	NA	NA	NA	NA	NA	NA	1.626	NA	NA	NA	1.938	2.464	NA
hsa-miR-718	1.467	1.427	NA	2.914	1.659	2.834	1.467	1.709	3.166	3.086	2.287	NA	1.806	NA	NA	2.905	NA	1.877	NA	NA	NA	0.37	NA	NA	2.599	NA	NA	2.723
hsa-miR-4530	8.127	7.654	7.254	9.65	7.254	7.654	6.774	7.077	8.357	7.355	7.51	7.623	6.968	7.003	7.139	7.889	6.689	6.932	7.623	7.077	7.139	7.111	7.182	6.902	6.968	6.719	7.221	7.889
hsa-miR-5684	2.21	2.749	3.509	2.624	3.025	NA	2.942	3.345	0.617	2.749	2.914	1.527	3.319	3.567	3.994	2.484	3.941	3.309	2.393	2.583	3.28	3.241	NA	2.749	3.048	2.932	3.358	2.393
hsa-miR-4653-3p	4.323	4.833	4.995	4.515	5.176	5.014	4.822	5.229	4.385	5.136	4.906	4.701	5.269	5.468	5.269	4.685	5.196	4.98	4.881	4.892	4.79	5.229	4.942	4.922	4.995	4.862	5.352	4.906
hsa-miR-4455	NA	NA	NA	2.712	2.834	NA	2.988	3.195	4.059	2.613	NA	2.734	2.599	NA	2.999	NA	NA	1.467	5.846	NA	2.823	NA	4.033	2.834	3.367	NA	NA	NA
hsa-miR-146b-5p	5.663	5.708	6.744	5.638	6.529	6.24	6.154	6.362	6.32	5.335	6.932	6.633	6.774	6.32	5.082	5.539	6.138	6.744	6.689	4.822	3.599	5.335	4.059	4.862	5.251	4.922	5.427	5.708
hsa-miR-125b-5p	8.897	9.527	9.594	9.285	9.873	9.434	9.594	9.434	9.253	9.434	9.594	9.285	9.527	10.01	10.324	9.434	10.073	9.594	9.48	9.374	9.434	9.873	9.48	9.594	9.727	10.01	9.727	9.253
hsa-miR-1207-5p	8.198	7.734	6.902	7.773	7.281	7.044	7.139	6.744	8.597	6.932	7.139	7.385	6.466	6.564	6.968	7.221	6.744	6.865	7.182	6.744	6.744	7.044	7.602	6.774	6.657	6.865	6.841	7.221
hsa-miR-365a-3p	5.826	6.689	7.315	6.657	7.182	7.077	7.385	7.704	5.514	6.865	6.968	6.466	7.111	7.889	8.357	7.413	7.961	8.057	6.774	7.182	7.182	7.734	6.689	8.096	7.889	8.127	7.355	7.182
hsa-miR-4788	5.229	5.082	4.922	6.005	4.862	4.583	4.668	4.881	6.498	5.45	5.041	4.881	5.051	4.922	5.027	5.251	5.136	4.822	5.062	4.774	5.101	4.995	5.229	4.763	5.101	4.719	5.387	5.557
hsa-miR-299-5p	NA	NA	NA	NA	0.446	NA	1.615	1.238	NA	NA	1.397	1.615	NA	0.43	NA	NA	2.287	NA	NA	NA	1.023	NA	NA	1.32	NA	1.238	NA	NA
hsa-miR-1469	2.557	1.527	NA	2.126	0.425	2.464	NA	2.112	1.558	3.376	2.222	2.044	NA	NA	NA	4.434	1.397	NA	NA	NA	NA	0.997	NA	1.527	2.749	NA	NA	2.599
hsa-miR-4459	10.01	9.434	8.897	9.374	8.932	10.073	8.528	9.329	12.29	11.333	9.169	9.056	8.897	8.557	9.012	11.132	8.557	8.4	9.212	9.169	8.557	8.309	9.594	8.557	9.253	8.557	9.169	10.157
hsa-miR-664b-3p	3.166	3.588	3.917	2.413	4.199	3.497	4.583	3.641	3.358	3.29	3.554	3.554	3.952	4.385	3.917	3.438	4.484	4.624	4.033	4.213	3.663	4.111	3.994	3.707	3.788	4.373	4.373	3.588
hsa-miR-324-3p	9.253	9.374	9.374	8.597	9.091	7.704	8.309	8.679	8.198	8.766	8.973	9.012	8.932	9.091	9.13	8.127	8.309	8.198	8.932	9.13	8.932	8.932	8.597	8.276	8.309	8.243	8.932	8.648
hsa-miR-1307-5p	0.297	0.383	NA	NA	NA	2.031	2.271	NA	NA	NA	2.013	1.994	NA	0.649	NA	NA	1.427	1.85	NA	NA	1.238	NA	NA	2.164	NA	1.512	NA	NA
hsa-miR-203a	NA	1.157	2.271	0.006	-0.289	2.427	3.531	1.725	NA	NA	2.182	1.788	1.938	2.87	2.697	1.914	NA	2.336	2.256	NA	NA	1.21	NA	3.048	2.557	2.792	NA	NA
hsa-miR-1587	4.264	4.13	4.141	6.272	4.153	3.994	3.742	4.484	4.833	3.8	4.226	4.084	4.045	3.762	4.339	4.583	3.663	3.863	4.356	4.264	4.226	3.917	4.6	4.176	4.167	3.994	4.111	4.42
hsa-miR-320c	5.638	5.826	6.041	6.064	5.936	6.294	5.614	6.223	6.902	5.826	5.802	5.868	5.92	5.724	6.272	5.746	6.02	6.041	6.005	6.175	6.154	5.514	5.492	5.962	5.891	5.962	6.154	6.154
hsa-miR-4767	1.302	0.77	NA	3.471	0.043	NA	NA	NA	1.113	1.05	1.709	NA	NA	NA	NA	1.645	NA	NA	NA	NA	1.645	0.446	NA	NA	NA	NA	NA	1.85
hsa-miR-5190	3.788	3.428	3.98	2.141	3.459	NA	4.515	3.187	3.28	3.22	4.339	4.356	4.253	4.613	3.309	3.777	3.233	4.084	2.954	5.014	3.917	3.98	5.014	4.13	4.527	3.952	3.107	4.292
hsa-miR-3162-3p	0.407	-0.007	2.359	-0.573	-0.408	3.22	1.645	1.897	0.881	0.726	1.527	1.709	1.29	0.845	2.271	NA	1.864	2.126	3.438	NA	1.588	NA	3.073	2.068	2.336	0.737	2.583	1.914
hsa-miR-20a-5p	8.096	8.276	8.478	7.221	7.773	8.357	7.818	8.057	7.734	8.439	8.679	8.478	8.4	8.679	8.096	8.309	8.357	8.597	8.357	8.648	8.858	8.648	8.276	8.716	8.716	8.766	8.766	8.858
hsa-miR-5787	7.451	6.362	5.802	8.897	6.657	6.339	5.681	5.724	9.65	8.528	5.936	5.802	6.39	5.196	5.557	7.483	5.153	5.663	6.32	5.663	5.868	6.02	6.223	5.724	6.175	5.492	5.468	6.902
hsa-miR-3620-5p	4.613	3.994	4.527	2.932	3.755	3.742	2.804	3.119	2.413	3.847	3.471	4.019	2.638	3.847	NA	3.22	NA	3.015	3.048	3.459	4.356	3.459	2.792	4.153	NA	3.863	3.367	3.917
hsa-miR-1306-3p	2.256	2.932	1.818	1.615	2.858	NA	3.29	2.792	4.099	3.449	3.567	3.155	3.28	3.254	NA	3.345	2.583	3.233	3.254	3.863	2.932	2.712	3.963	3.143	3.345	2.976	2.287	3.622
hsa-miR-3648	3.387	3.358	3.177	3.195	2.894	2.484	2.044	2.336	3.61	3.471	3.331	2.583	2.287	1.645	2.583	3.825	2.988	3.048	2.413	2.844	1.864	1.337	2.712	1.877	2.583	1.543	2.57	3.61
hsa-miR-3198	4.833	5.251	5.196	4.624	5.681	5.638	4.862	4.96	5.014	6.119	5.101	4.906	5.291	5.492	5.368	4.543	5.251	5.229	5.269	4.96	4.892	5.368	5.041	4.654	4.553	4.774	5.32	5.051
hsa-miR-1226-5p	3.641	3.941	3.267	3.387	3.438	NA	3.195	3.086	3.187	3.707	4.187	3.309	3.096	3.155	3.459	3.394	3.155	3.394	3.345	3.567	3.267	3.376	3.731	2.669	3.037	3.166	3.345	3.166
hsa-miR-26b-5p	7.818	8.243	8.557	8.243	8.716	8.557	8.679	9.012	7.773	8.357	8.557	8.357	8.816	8.897	8.679	8.557	8.973	8.858	8.439	8.439	8.816	8.816	8.127	8.932	8.766	8.932	8.478	8.4
hsa-miR-4534	4.464	4.084	2.954	4.701	2.999	NA	2.882	1.62	4.995	3.177	2.894	3.358	1.671	1.938	2.336	3.015	NA	2.894	3.48	NA	3.428	3.086	NA	2.882	NA	3.205	NA	2.792
hsa-miR-885-3p	NA	0.829	1.694	-0.82	-0.058	1.951	1.397	2.345	NA	NA	0.997	0.845	NA	0.21	NA	NA	0.997	1.238	2.164	2.519	0.863	-0.071	NA	0.726	NA	0.21	1.877	NA
hsa-miR-542-3p	NA	1.497	NA	NA	0.563	NA	NA	2.359	NA	NA	1.157	1.157	2.21	1.397	NA	0.792	1.21	1.397	NA	NA	2.087	1.302	NA	0.997	1.951	1.951	NA	NA
hsa-miR-6131	4.98	5.492	5.577	5.014	5.983	5.577	5.176	5.217	4.849	6.175	5.32	5.229	5.614	5.962	5.708	4.79	5.594	5.594	5.387	5.352	5.335	5.868	5.368	5.014	5.217	5.291	5.663	5.427
hsa-miR-4446-3p	5.368	1.21	2.126	3.98	2.734	2.988	1.976	3.449	2.087	3.438	2.197	2.197	3.531	1.626	2.905	3.622	1.725	2.464	NA	3.205	2.013	3.517	2.519	2.182	2.734	1.558	2.761	2.638
hsa-miR-4697-5p	6.759	2.697	2.613	4.292	3.166	5.062	2.669	4.119	3.205	6.414	3.416	3.376	3.404	2.182	3.06	6.119	2.964	3.903	2.57	3.8	4.141	4.253	3.387	3.267	4.033	2.519	3.89	3.517
hsa-miR-331-3p	5.577	5.773	6.39	4.734	5.846	6.203	6.138	6.203	5.773	5.557	5.724	6.175	5.746	6.041	6.223	5.368	6.564	6.154	6.443	6.272	5.983	5.492	5.062	6.02	6.088	6.041	6.24	5.724
hsa-miR-1913	NA	NA	NA	NA	0.139	NA	2.844	NA	NA	NA	1.85	NA	1.725	3.319	NA	NA	NA	2.804	NA	2.734	NA	2.443	4.464	1.737	2.638	0.684	NA	2.844
hsa-miR-1181	3.876	3.632	3.632	3.577	3.449	3.404	3.086	3.542	3.086	3.876	3.721	3.599	2.844	2.834	3.376	3.707	3.438	3.119	2.844	3.367	2.638	2.336	3.755	2.538	3.177	2.844	3.166	3.177
hsa-miR-572	3.825	3.376	2.87	4.236	2.443	3.233	2.723	2.844	3.143	2.182	2.87	2.834	2.519	2.669	2.964	3.309	2.443	2.638	3.037	3.29	2.954	3.131	3.331	3.131	2.761	3.428	2.999	2.976
hsa-miR-202-3p	3.599	4.045	3.663	3.788	4.187	2.345	3.554	2.87	2.734	3.309	3.509	4.033	3.509	4.119	3.471	3.517	3.048	3.531	3.673	3.622	4.264	4.553	4.099	3.673	3.143	3.48	3.632	3.48
hsa-miR-4695-5p	3.376	3.542	3.394	3.542	2.882	3.205	3.015	3.073	3.632	2.844	3.459	3.367	2.905	2.964	3.649	2.999	2.882	2.723	2.87	3.319	3.3	2.914	NA	2.599	3.119	3.096	3.331	3.233
hsa-miR-3665	7.385	7.003	6.633	7.51	6.689	6.633	6.841	6.32	6.294	6.272	6.774	7.003	6.064	6.339	6.175	6.443	6.175	6.362	6.24	6.564	6.119	6.272	6.865	6.088	6.272	5.983	6.339	6.414
hsa-miR-30e-3p	3.319	4.236	4.356	3.61	4.167	4.613	4.849	4.583	3.542	4.111	4.833	4.176	4.822	5.082	5.041	4.613	5.427	5.32	4.099	4.668	4.464	4.96	4.701	5.291	5.492	5.196	5.027	4.668
hsa-miR-5006-5p	5.176	4.613	4.6	4.822	4.41	5.352	4.323	5.122	5.746	6.02	4.624	4.613	4.748	4.323	4.995	5.846	4.339	4.434	4.583	4.849	4.685	4.613	4.624	4.6	5.082	4.448	4.862	4.862
hsa-miR-4298	4.373	3.952	3.367	4.41	3.731	3.673	3.376	3.233	4.42	3.788	3.267	3.096	2.894	2.683	2.723	3.684	1.749	2.882	3.649	2.654	3.834	3.438	2.942	3.497	2.443	3.459	3.233	3.509
hsa-miR-454-3p	0.319	0.543	NA	-0.646	0.463	2.413	2.087	2.287	1.85	NA	1.806	2.182	2.256	0.965	NA	1.615	2.112	2.087	NA	NA	NA	0.425	NA	2.031	2.087	1.337	NA	NA
hsa-miR-6129	3.8	NA	NA	1.951	0.343	2.761	NA	1.588	2.197	2.427	NA	NA	NA	NA	NA	2.256	NA	NA	NA	NA	NA	1.558	2.683	NA	NA	NA	2.182	2.126
hsa-miR-2392	3.963	3.847	3.428	4.253	3.22	2.942	3.233	3.673	4.96	4.187	3.61	3.438	3.254	3.241	3.588	4.119	3.143	3.404	3.554	3.61	3.345	3.331	3.721	3.3	3.358	3.367	3.459	3.863
hsa-miR-95	NA	2.393	2.302	-0.356	2.222	2.712	2.345	2.126	1.626	0.319	2.031	NA	2.031	2.505	2.375	NA	2.182	1.897	NA	NA	NA	0.881	NA	1.113	NA	2.484	NA	NA
hsa-miR-575	4.96	5.387	4.96	8.127	5.368	5.45	4.339	4.571	6.24	5.153	5.217	4.668	4.906	4.624	4.685	5.868	4.822	5.368	5.594	4.6	4.922	5.136	4.654	4.527	4.6	4.543	4.833	6.088
hsa-miR-27b-3p	8.357	8.766	9.169	8.528	8.858	8.973	8.973	9.056	8.557	9.056	9.374	9.253	8.766	9.374	9.253	9.012	9.13	9.329	9.285	9.253	9.48	9.212	9.012	9.434	9.13	9.285	9.13	9.374
hsa-miR-3960	11.905	11.333	10.62	11.563	10.495	10.324	10.324	9.957	10.242	10.767	11.132	10.767	9.65	9.957	10.073	10.767	9.957	10.073	10.242	10.495	10.324	10.767	10.4	9.65	9.169	9.727	10.242	10.01
hsa-miR-4505	6.223	6.088	6.32	7.889	5.92	6.005	5.802	6.466	6.414	6.498	6.272	6.154	6.203	6.005	6.657	6.606	5.891	6.064	6.564	6.294	6.272	6.119	6.498	6.041	6.24	6.175	6.633	6.606
hsa-miR-455-5p	2.954	3.788	4.119	1.938	3.8	4.059	4.356	4.323	3.376	3.673	4.323	3.834	4.527	4.748	3.952	4.187	4.833	4.906	3.825	5.041	4.701	4.571	4.141	5.062	5.229	5.251	4.553	4.719
hsa-miR-6085	9.285	8.597	8.932	7.851	8.309	7.413	9.784	8.309	9.091	8.309	9.329	9.434	9.012	9.594	8.276	9.285	8.478	9.13	8.716	9.957	8.716	8.858	10.324	9.012	9.527	8.973	8.243	9.48
hsa-miR-6512-5p	3.025	3.509	3.577	3.177	3.847	3.89	3.119	3.131	3.073	3.863	3.319	3.107	3.517	3.8	3.438	2.557	3.632	3.599	3.509	3.438	3.254	3.731	3.06	2.976	2.697	3.155	3.61	3.358
hsa-miR-638	7.413	6.932	6.175	7.623	6.005	6.466	6.223	6.005	6.744	6.529	6.414	6.32	6.088	5.936	6.138	6.803	5.773	5.962	6.529	6.498	6.443	6.633	6.744	6.294	6.041	6.498	6.294	6.633
hsa-miR-1273g-3p	10.157	10.324	10.495	10.242	10.157	9.727	10.01	10.62	9.784	10.62	10.01	9.957	10.157	10.324	10.62	10.073	10.936	10.4	10.157	10.073	10.01	10.073	10.157	10.01	10.242	10.157	10.4	9.873
hsa-miR-338-3p	1.527	3.22	2.583	-0.147	3.387	4.763	3.941	2.484	1.877	1.09	2.112	3.673	2.954	3.048	NA	2.321	3.187	3.073	2.21	2.613	2.393	3.254	3.187	3.394	2.954	3.941	4.084	2.624
hsa-miR-4793-3p	NA	NA	NA	2.697	3.119	NA	3.358	NA	NA	NA	NA	2.712	NA	NA	NA	NA	NA	1.527	5.082	NA	NA	NA	4.41	4.073	NA	NA	NA	NA
hsa-let-7d-3p	0.029	NA	NA	-0.693	-0.664	NA	NA	NA	NA	-0.293	NA	NA	1.21	0.118	2.068	NA	NA	NA	NA	NA	0.649	0.043	NA	NA	NA	NA	NA	NA
hsa-miR-92a-3p	6.606	6.657	7.221	6.339	6.902	7.451	6.968	7.355	6.719	7.077	7.451	7.111	7.385	7.704	7.987	7.281	7.55	7.623	7.044	7.602	7.704	7.51	8.017	7.654	7.654	7.773	7.623	7.818
hsa-miR-663a	5.352	4.385	3.438	4.892	3.876	3.107	3.28	2.087	4.484	3.663	3.233	3.742	2.375	2.804	2.613	3.155	NA	3.28	3.531	3.241	4.153	3.825	3.177	3.22	NA	3.143	2.749	3.345
hsa-miR-3188	4.073	3.98	3.649	4.906	3.542	NA	3.428	3.037	3.404	3.187	3.755	3.577	2.683	2.988	3.345	3.567	3.037	3.187	3.28	3.416	3.309	3.449	3.61	2.583	2.87	2.804	3.267	3.187
hsa-miR-610	3.517	2.942	2.287	2.988	3.073	NA	NA	NA	NA	1.85	0.965	2.858	NA	2.112	NA	NA	NA	NA	2.624	NA	2.964	2.583	NA	0.708	NA	1.603	NA	NA
hsa-miR-484	1.113	1.588	2.624	-0.264	2.427	2.858	3.331	3.459	1.864	0.268	1.951	2.638	2.484	3.131	3.319	1.85	3.825	3.177	2.583	2.999	1.914	1.371	NA	2.505	2.683	3.684	2.683	2.427
hsa-miR-4433-3p	3.863	3.903	3.331	3.449	3.309	3.834	3.994	3.721	3.588	3.025	4.073	3.509	3.177	3.309	3.825	3.554	3.517	3.928	3.622	3.777	3.762	3.61	4.763	3.89	4.019	4.213	3.731	3.994
hsa-miR-204-5p	1.258	1.694	3.166	0.543	4.073	3.376	3.416	3.684	2.345	2.164	3.107	2.792	3.762	3.903	3.863	3.048	3.994	3.61	2.557	3.497	4.306	4.153	3.345	4.292	4.292	4.167	3.952	3.107
hsa-miR-10a-5p	4.553	5.291	5.368	5.041	6.175	6.088	5.773	6.119	5.846	5.196	5.557	5.45	6.294	6.02	6.24	5.594	6.32	6.088	5.427	5.962	5.846	6.39	5.136	6.203	6.02	6.39	5.846	5.335
hsa-miR-1225-5p	8.679	7.987	7.281	8.276	7.355	7.182	7.315	7.182	9.13	7.773	7.818	7.678	6.932	6.932	7.483	8.017	7.111	7.254	7.483	7.483	7.315	7.413	7.987	7.254	7.254	7.221	7.483	7.654
hsa-miR-2114-3p	1.994	3.267	3.471	NA	3.404	NA	NA	NA	NA	NA	NA	1.951	NA	3.876	NA	1.603	NA	NA	NA	NA	3.22	3.48	NA	3.531	NA	2.988	NA	3.195
hsa-miR-1228-3p	3.755	3.707	3.876	3.588	3.187	4.822	3.622	3.649	3.267	3.517	3.8	4.059	3.233	3.177	3.641	3.471	3.649	3.641	3.588	3.632	3.731	3.22	4.13	3.777	3.731	3.509	3.963	3.567
hsa-miR-3138	2.779	2.834	NA	2.779	2.988	NA	NA	1.806	5.176	3.684	1.749	NA	2.613	2.031	NA	2.882	NA	1.737	1.749	NA	2.712	2.256	NA	1.157	NA	1.85	NA	2.954
hsa-miR-483-3p	2.443	2.638	3.622	1.09	3.086	3.086	3.345	3.825	2.222	2.624	3.166	3.22	4.019	4.073	4.42	3.509	4.763	4.356	4.187	3.345	3.471	3.155	3.742	4.323	4.806	4.734	4.527	3.309
hsa-miR-660-5p	2.914	3.777	3.641	3.267	3.825	4.42	4.613	4.553	3.22	2.638	3.599	4.141	4.323	3.825	3.205	3.632	4.236	4.13	3.367	4.119	3.358	3.622	3.086	4.213	4.236	4.187	3.517	3.155
hsa-miR-3676-5p	4.995	5.681	5.251	7.602	4.98	5.492	5.557	5.062	6.223	9.527	5.492	5.136	5.136	5.217	4.583	6.657	4.98	5.539	5.577	5.101	5.663	5.577	5.153	5.826	6.119	5.306	4.434	5.514
hsa-miR-500a-5p	1.448	3.254	2.749	2.031	3.641	3.358	2.336	3.048	2.484	3.755	2.858	2.613	3.387	3.742	3.233	0.845	3.107	3.037	3.086	NA	2.164	3.577	2.464	2.21	NA	2.697	2.988	2.932
hsa-miR-4787-5p	7.704	6.39	6.02	7.654	5.557	4.98	5.136	5.539	5.32	5.891	5.708	5.92	5.45	5.614	5.724	5.936	4.719	4.96	5.557	6.02	6.564	6.175	5.663	6.005	5.176	5.663	5.368	5.352
hsa-miR-6132	4.13	4.019	4.306	4.045	3.394	4.654	3.963	5.153	4.277	5.594	4.543	4.099	4.373	4.019	4.701	5.122	4.084	4.045	4.111	4.624	4.277	3.812	5.306	4.434	4.64	4.323	4.613	4.553
hsa-miR-5701	NA	1.397	1.725	0.552	2.068	NA	2.599	2.964	NA	1.671	2.141	1.142	2.834	3.48	3.428	2.464	3.131	2.761	NA	NA	2.792	2.844	NA	3.073	3.015	3.086	3.048	NA
hsa-miR-193b-5p	1.238	1.914	2.905	1.543	1.725	2.894	2.031	2.669	2.245	3.073	2.654	2.359	2.538	2.976	3.254	2.613	2.669	2.712	2.336	3.195	2.723	2.098	3.048	3.187	2.858	3.233	3.155	3.015
hsa-miR-3125	3.697	4.277	4.213	3.649	4.6	4.373	3.762	3.876	3.777	4.64	4.033	3.8	4.236	4.464	4.306	3.459	4.111	4.153	4.236	4.13	4.033	4.448	3.903	3.649	3.622	3.812	4.356	4.153
hsa-miR-138-2-3p	1.694	1.85	3.131	3.917	3.622	NA	3.319	3.731	2.712	2.988	2.302	2.964	4.501	4.774	4.434	2.894	3.788	3.096	3.577	3.107	2.942	4.501	3.542	2.858	3.267	3.358	4.153	3.834
hsa-miR-185-5p	4.515	4.849	5.027	4.167	4.571	5.136	4.942	5.251	4.6	4.385	4.763	5.217	4.881	4.484	4.527	4.153	5.062	4.613	4.862	4.654	4.624	3.994	3.241	4.668	4.583	4.571	4.385	4.685
hsa-miR-5580-3p	2.321	2.013	3.096	1.864	1.914	NA	1.427	2.557	NA	2.112	2.427	NA	2.761	2.723	3.3	1.512	2.723	1.938	2.712	NA	2.613	2.164	3.358	1.659	NA	2.359	2.112	NA
hsa-miR-4689	4.527	4.306	3.834	3.721	3.254	3.762	3.517	3.438	4.153	4.13	4.613	3.876	2.976	3.015	3.119	4.881	3.641	3.663	3.61	3.788	3.404	3.599	3.941	3.155	3.531	3.015	3.509	3.731
hsa-miR-1261	2.712	2.068	2.712	0.407	1.558	NA	NA	NA	NA	2.654	1.694	2.375	NA	2.638	NA	1.671	NA	1.914	NA	NA	2.302	2.484	3.025	2.271	NA	1.897	NA	2.098
hsa-miR-381-3p	1.142	1.615	2.654	-0.408	3.06	3.131	2.112	2.164	1.512	1.113	2.164	2.669	2.112	2.519	2.624	1.788	3.567	2.345	2.068	3.119	2.538	2.683	2.538	2.321	3.22	3.331	2.779	2.256
hsa-miR-23a-5p	NA	-0.419	NA	0.157	1.337	NA	NA	NA	0.552	1.543	NA	NA	1.157	1.09	NA	NA	NA	1.749	NA	NA	1.512	1.694	NA	0.863	NA	0.163	NA	1.512
hsa-miR-136-5p	NA	NA	NA	NA	0.411	NA	2.141	NA	NA	NA	NA	1.588	1.749	1.142	NA	NA	2.345	2.271	NA	NA	1.09	1.142	2.779	1.788	2.723	1.09	NA	NA
hsa-miR-378i	5.45	5.614	6.203	5.306	6.24	6.414	6.443	6.498	5.153	5.92	6.902	6.005	6.24	7.254	7.413	6.005	7.51	7.221	5.614	6.633	6.968	7.254	6.606	6.803	7.483	7.315	7.182	6.932
hsa-miR-98-5p	2.287	2.988	3.376	2.683	3.762	4.501	4.073	4.434	3.119	2.443	3.517	3.61	4.073	3.89	3.416	3.177	4.253	3.632	3.233	3.649	3.394	3.29	3.107	4.277	3.755	4.153	3.29	3.073
hsa-miR-320a	5.614	5.802	6.088	5.594	5.826	6.223	5.708	6.088	5.724	5.724	5.868	5.936	5.891	5.983	6.414	5.427	6.064	5.724	6.154	6.203	6.203	5.708	5.826	5.868	5.681	6.154	6.005	5.846
hsa-miR-4743-5p	3.428	2.519	NA	3.497	2.464	NA	NA	1.788	2.393	3.096	NA	NA	2.624	1.749	NA	2.932	NA	NA	NA	NA	2.804	2.287	NA	1.427	NA	1.864	NA	NA
hsa-let-7a-5p	10.4	10.62	11.132	10.62	11.563	11.132	10.767	11.132	10.62	11.132	10.936	10.936	10.936	11.132	11.333	10.936	11.132	10.767	10.936	11.132	11.132	11.132	10.242	11.132	10.936	11.132	11.333	10.936
hsa-miR-1260a	9.13	9.212	9.527	7.451	9.374	7.483	10.62	9.169	8.973	8.973	9.727	9.594	9.329	10.157	9.374	9.594	9.727	10.495	9.527	10.324	9.056	9.784	11.132	9.957	10.495	9.48	8.816	10.073
hsa-miR-106b-5p	6.272	6.564	6.803	5.724	6.744	7.139	7.003	6.932	6.088	6.362	6.564	6.774	6.744	6.466	5.846	6.138	6.498	6.529	6.744	6.466	6.606	6.24	5.594	6.529	6.414	6.443	6.443	6.466
hsa-miR-30a-5p	6.689	7.51	7.574	6.606	7.483	7.734	7.678	7.413	7.139	7.385	7.889	7.451	7.254	7.734	7.51	7.385	7.704	7.734	7.451	7.254	7.413	7.704	7.139	7.623	7.355	7.574	7.851	7.55
hsa-miR-148a-3p	8.973	8.716	8.858	8.096	8.528	8.766	8.858	8.816	7.678	9.374	9.13	8.858	9.374	9.784	9.48	9.527	9.873	9.873	8.858	8.858	9.212	9.727	9.253	10.157	9.957	10.324	9.527	9.527
hsa-miR-19a-3p	5.291	5.962	5.868	4.226	5.802	5.514	6.498	5.868	4.719	5.492	6.119	5.962	6.719	6.657	5.681	6.339	6.606	6.841	5.802	6.32	6.294	6.657	6.362	6.865	7.077	6.902	6.272	6.498
hsa-miR-4433-5p	3.233	2.87	3.195	1.626	2.321	3.8	3.394	2.834	2.792	2.669	3.155	3.131	3.195	3.119	3.28	2.683	3.241	3.22	3.025	3.531	3.155	2.834	4.253	3.697	3.459	3.06	3.394	3.28
hsa-miR-25-3p	6.339	6.744	6.968	6.294	6.841	7.385	6.865	7.281	6.689	6.803	6.803	6.841	7.139	6.803	6.633	6.39	6.932	6.902	6.865	6.719	6.803	6.564	6.272	7.003	6.803	6.774	6.902	6.865
hsa-miR-200b-3p	3.847	5.196	4.42	3.863	5.217	5.962	5.229	4.543	6.968	4.833	4.892	5.614	4.922	5.101	5.176	4.41	5.708	5.291	5.468	4.033	4.6	4.906	3.48	4.881	4.96	4.685	5.539	4.543
hsa-miR-3135b	6.203	4.98	4.515	4.96	4.881	4.79	4.734	3.98	4.613	4.236	4.008	4.64	4.033	4.264	4.448	4.527	3.195	4.464	4.96	4.253	5.251	5.153	4.734	4.734	3.471	4.654	4.448	3.89
hsa-miR-1305	4.862	5.45	5.45	4.668	5.663	5.557	4.995	5.101	4.922	6.138	5.176	4.995	5.427	5.663	5.514	4.734	5.45	5.514	5.136	5.176	5.196	5.594	5.291	4.748	5.014	5.082	5.45	5.229
hsa-miR-192-5p	9.784	9.957	10.073	9.727	9.727	10.01	9.957	10.495	9.374	10.073	10.324	10.01	10.324	10.242	10.157	9.784	10.62	10.242	10.01	10.62	10.767	10.324	9.873	10.62	10.767	10.4	10.495	10.4
hsa-miR-628-3p	NA	1.543	2.538	1.113	1.21	NA	NA	2.393	NA	NA	1.588	1.497	3.107	3.025	3.131	NA	1.914	1.113	NA	NA	2.905	2.519	NA	0.684	NA	2.098	2.858	NA
hsa-miR-17-3p	1.671	2.804	3.155	0.485	2.749	3.29	3.155	3.267	2.068	2.336	3.438	3.015	3.205	4.033	3.542	2.804	4.167	3.941	2.942	3.554	3.438	3.777	3.267	4.356	3.876	4.176	3.577	3.387
hsa-miR-4454	16.415	16.415	16.415	16.415	16.415	16.415	16.822	16.415	16.415	16.415	16.415	16.822	16.415	16.415	16.415	16.822	16.415	16.822	16.415	16.822	16.415	16.415	17.127	16.822	16.822	16.415	16.415	16.822
hsa-miR-4428	5.335	4.253	4.434	4.862	4.236	4.892	4.13	5.406	4.339	5.014	4.306	4.397	4.434	4.448	5.101	5.051	4.701	4.515	4.397	4.277	4.543	4.763	4.356	4.543	4.668	4.748	4.79	4.6
hsa-miR-362-3p	1.371	2.336	2.57	0.268	2.683	3.195	3.641	3.531	1.788	1.371	2.484	2.779	2.779	1.877	2.538	2.222	3.394	3.367	2.345	3.177	2.21	1.877	NA	3.241	3.073	3.394	2.723	2.287
hsa-miR-3945	2.519	0.103	NA	3.376	-0.563	NA	NA	NA	3.812	2.583	NA	NA	NA	NA	NA	2.858	NA	NA	NA	NA	NA	NA	NA	NA	NA	NA	NA	1.938
hsa-miR-574-5p	4.654	4.339	4.654	5.051	5.122	4.748	5.062	5.352	5.92	4.892	4.059	4.922	4.763	4.13	4.942	4.226	4.13	4.571	7.678	4.613	5.269	4.306	5.539	4.995	5.427	4.385	4.849	4.748
hsa-miR-30d-5p	6.39	7.111	7.451	6.32	7.385	7.281	7.281	7.111	6.657	7.111	7.182	6.902	7.315	7.413	7.704	6.902	7.385	7.182	7.281	7.355	7.077	7.281	7.654	7.355	7.55	7.385	7.678	7.483
hsa-miR-1234-5p	9.169	8.357	7.623	8.973	7.574	7.961	7.704	7.483	8.897	7.961	8.163	8.096	7.044	7.182	7.574	8.4	7.315	7.55	8.017	7.734	7.574	7.623	8.528	7.413	7.51	7.55	7.734	8.057
hsa-miR-551b-3p	NA	NA	NA	NA	-0.646	NA	NA	2.321	NA	NA	NA	1.448	3.143	NA	NA	0.965	1.238	NA	NA	NA	3.06	NA	NA	NA	1.994	1.725	NA	NA
hsa-miR-4253	2.905	3.096	3.015	4.111	2.013	NA	NA	2.519	3.345	2.287	1.626	2.112	3.037	2.57	2.683	2.654	1.659	NA	NA	NA	2.988	2.57	NA	1.749	2.068	2.287	3.205	2.804
hsa-miR-142-3p	6.088	6.606	6.443	5.92	7.044	6.865	7.773	6.865	6.606	5.368	6.02	7.254	7.961	6.744	5.062	6.968	7.139	7.077	6.223	6.005	5.724	6.138	5.891	7.139	6.841	6.606	5.614	6.223
hsa-miR-34a-5p	9.012	8.679	8.528	8.4	8.096	9.374	8.932	8.648	8.679	7.678	8.766	8.766	8.309	7.55	6.443	7.851	7.818	8.127	7.818	7.413	6.064	7.654	5.614	6.223	6.865	6.362	7.254	7.315
hsa-miR-18b-5p	0.186	0.965	1.709	NA	-0.548	NA	1.671	1.157	NA	NA	1.113	1.29	1.238	0.356	NA	0.945	1.32	1.371	NA	NA	NA	0.186	NA	1.238	1.976	1.142	NA	1.615
hsa-miR-4778-5p	2.749	3.177	NA	4.099	3.131	NA	NA	NA	4.881	2.905	NA	NA	NA	NA	NA	2.749	NA	NA	1.694	NA	3.531	3.119	NA	2.557	NA	2.222	NA	2.087
hsa-miR-642a-3p	7.077	6.968	6.564	6.362	6.443	6.719	6.119	6.564	9.873	7.851	6.719	6.606	6.362	5.891	6.064	7.678	6.041	5.773	6.339	6.119	6.414	5.891	6.203	6.39	6.932	5.92	6.529	7.077
hsa-miR-122-5p	13.701	13.701	13.701	13.701	13.701	13.701	13.701	14.114	13.701	13.701	14.114	13.701	13.701	13.701	14.114	13.701	14.114	13.701	13.701	13.701	13.701	13.701	14.114	14.114	14.114	13.701	13.701	13.701
hsa-miR-4721	5.514	5.027	5.291	5.196	4.906	6.041	5.101	6.02	5.983	6.968	5.352	5.101	5.406	5.122	5.746	6.689	5.387	5.387	5.176	5.492	5.176	5.027	5.746	5.514	5.846	5.514	5.492	5.746
hsa-miR-4507	6.294	5.468	5.614	6.774	5.196	5.176	5.368	5.663	5.557	5.051	5.406	5.594	5.468	5.335	5.773	5.708	4.942	5.051	5.708	5.557	5.746	5.291	6.005	5.557	5.387	5.557	5.802	5.681
hsa-miR-361-3p	2.087	2.823	3.233	1.914	3.673	3.632	3.834	4.42	2.723	2.126	2.999	3.387	3.416	2.712	3.177	2.624	3.963	3.387	3.166	3.517	3.119	2.538	2.823	3.331	3.3	3.241	3.28	2.697
hsa-miR-15a-5p	7.315	7.623	7.734	6.719	7.413	7.851	7.654	7.51	7.003	7.483	7.734	7.734	7.851	7.51	7.111	7.315	7.734	7.851	7.355	7.385	7.51	7.55	6.932	7.451	7.704	7.483	7.704	7.734
hsa-miR-4451	1.603	2.287	2.599	0.792	2.792	NA	1.512	NA	NA	0.407	NA	2.126	2.182	2.538	NA	1.497	NA	NA	1.938	NA	1.938	2.359	NA	2.256	NA	1.671	NA	1.897
hsa-miR-1281	2.336	2.976	2.976	3.086	2.557	3.471	2.413	2.804	2.141	2.964	2.697	2.999	1.994	1.512	2.942	2.393	2.126	2.683	4.434	3.155	3.459	1.864	4.153	3.107	2.999	2.858	2.905	2.505
hsa-miR-6090	10.242	9.727	9.253	9.527	9.169	8.648	9.169	8.096	9.212	9.169	9.784	9.527	8.017	8.357	8.478	9.13	8.439	8.648	9.056	8.816	8.478	8.528	9.329	7.704	7.987	8.057	8.528	8.597
hsa-miR-939-5p	7.51	6.774	6.466	6.803	6.088	5.291	7.111	5.891	6.138	6.24	6.865	6.719	6.564	6.968	6.154	6.719	6.154	6.719	6.498	7.315	6.633	6.719	7.574	6.968	6.774	6.564	6.564	7.003
hsa-miR-4443	2.697	3.61	3.387	4.806	3.554	3.61	4.373	3.394	4.199	5.027	3.358	3.233	3.48	3.98	3.025	4.373	3.345	3.577	3.471	3.721	3.177	3.863	4.501	3.903	4.213	3.438	3.22	3.641
hsa-miR-4522	3.577	0.708	NA	3.143	2.21	NA	NA	1.397	2.599	5.269	2.683	NA	NA	NA	NA	3.928	NA	1.709	NA	NA	NA	2.427	2.988	NA	NA	NA	NA	NA
hsa-miR-27a-3p	7.889	8.309	7.961	7.355	8.766	8.276	7.961	7.818	8.127	7.574	7.678	8.017	8.276	7.818	7.654	7.55	8.198	7.678	8.163	7.574	7.929	7.889	7.355	7.889	7.413	8.017	7.654	7.385
hsa-miR-28-5p	4.685	5.229	5.468	4.464	5.32	5.614	5.32	5.92	4.501	5.251	5.638	5.153	5.492	5.251	5.352	5.062	5.936	5.681	5.122	5.681	5.773	5.217	4.774	5.708	5.724	5.746	5.681	5.32
hsa-miR-17-5p	6.414	7.044	7.044	6.119	6.803	7.355	7.044	7.139	6.339	7.044	7.281	7.139	7.221	7.483	7.281	6.865	7.254	7.355	7.003	7.451	7.55	7.355	7.077	7.602	7.574	7.602	7.315	7.623
